MZ515938.1,node_3042,OK500269.1,node_3039,node_3038,node_3040,OK500266.1,OK500258.1,node_3033,OK500259.1,OK500267.1,OK500260.1,node_3034,OK500265.1,OK500257.1,OK500268.1,node_3035,node_3041	1.00000000000000000000	B
A: 0
B: 1.00000000000000000000
