Parent	Child	PanMAN_Diff	MAFFT_Diff	Difference
node_7	node_8	55	35	20
node_11	KX894803.1	11	11	0
node_8	node_9	0	0	0
node_11	node_12	0	0	0
node_13	node_14	324	0	324
node_5	node_6	38	22	16
node_13	node_15	0	0	0
node_12	KJ672454.1	365	41	324
node_9	node_10	12	12	0
node_12	KU950617.1	11	11	0
node_14	MG813992.1	361	123	238
node_4	node_5	152	31	121
node_15	KU950493.1	28	28	0
node_10	node_13	16	16	0
node_6	node_7	701	632	69
node_10	node_11	12	12	0
node_14	KJ672429.1	29	29	0
node_2	node_3	700	571	129
node_1	node_2	3393	3401	-8
node_3	node_4	5597	3611	1986
node_15	KJ672444.1	23	23	0
node_18	KU950653.1	3	3	0
node_16	node_17	0	0	0
node_9	node_16	54	0	54
node_19	KU950612.1	5	5	0
node_17	node_19	4	4	0
node_16	node_20	2	2	0
node_18	KJ672468.1	49	49	0
node_20	node_21	1	1	0
node_20	node_22	702	140	562
node_21	KU950475.1	12	12	0
node_19	KU950696.1	17	17	0
node_17	node_18	0	0	0
node_8	node_23	0	0	0
node_21	KU950694.1	7	7	0
node_22	KU950626.1	79	79	0
node_22	KJ672467.1	97	97	0
node_23	node_24	2	2	0
node_24	node_25	0	0	0
node_25	node_26	0	0	0
node_26	KY982516.1	2	2	0
node_26	MG813993.1	704	142	562
node_27	MG813977.1	687	125	562
node_28	node_30	2	2	0
node_24	node_28	0	0	0
node_25	node_27	18	18	0
node_27	KU950671.1	13	13	0
node_29	KX894799.1	48	48	0
node_23	node_31	35	35	0
node_28	node_29	0	0	0
node_30	KU950483.1	17	17	0
node_30	KU950664.1	61	60	1
node_33	KU950570.1	3	3	0
node_29	KU950654.1	339	15	324
node_31	node_32	16	16	0
node_33	KU950557.1	8	8	0
node_32	node_34	1	1	0
node_32	node_33	3	3	0
node_34	KJ672449.1	60	60	0
node_34	KU950550.1	336	11	325
node_35	node_36	0	0	0
node_36	KY654518.1	1	1	0
node_31	node_35	59	59	0
node_36	KY654513.1	9	9	0
node_37	KY654512.1	9	9	0
node_35	node_37	0	0	0
node_7	node_38	1	1	0
node_39	node_40	0	0	0
node_37	MG813978.1	798	237	561
node_38	node_39	5	5	0
node_40	node_41	3	3	0
node_42	KJ672428.1	54	54	0
node_41	MG813979.1	141	141	0
node_40	node_43	157	157	0
node_41	node_42	1	1	0
node_42	MH447951.1	1169	74	1095
node_43	node_44	0	0	0
node_44	MH447952.1	640	78	562
node_44	KJ672441.1	169	169	0
node_43	node_45	78	78	0
node_45	KU950692.1	636	74	562
node_39	node_46	0	0	0
node_45	KU950592.1	0	0	0
node_47	node_48	0	0	0
node_46	node_47	34	34	0
node_48	KM042388.1	342	19	323
node_46	node_50	27	27	0
node_47	node_49	0	0	0
node_49	KJ672469.1	22	22	0
node_48	KU950521.1	68	67	1
node_51	KU950642.1	40	40	0
node_50	node_51	0	0	0
node_52	KX765926.1	31	30	1
node_49	KM042389.1	68	68	0
node_51	MZ516077.1	124	124	0
node_50	node_52	0	0	0
node_53	node_54	0	0	0
node_52	OK649683.1	73	73	0
node_38	node_53	679	679	0
node_54	node_55	730	729	1
node_55	node_56	6	6	0
node_56	KX894806.1	0	0	0
node_56	KJ672448.1	324	0	324
node_55	node_57	0	0	0
node_57	KJ672432.1	5	5	0
node_57	MF614946.1	417	92	325
node_54	node_58	0	0	0
node_58	node_59	2	2	0
node_58	node_60	0	0	0
node_59	KF973335.1	50	50	0
node_60	KF973322.1	33	33	0
node_53	node_61	32	32	0
node_59	KF973331.1	76	76	0
node_60	KF973319.1	0	0	0
node_62	node_63	1	1	0
node_63	KF973321.1	0	0	0
node_61	node_62	0	0	0
node_63	KF973334.1	32	32	0
node_62	node_64	17	17	0
node_64	KF973329.1	0	0	0
node_64	KF973332.1	63	63	0
node_61	node_65	0	0	0
node_65	node_66	0	0	0
node_66	KF973328.1	2	2	0
node_65	node_67	0	0	0
node_66	KF973323.1	325	1	324
node_67	KF973325.1	27	27	0
node_67	KF973337.1	1162	1162	0
node_69	node_70	47	47	0
node_6	node_68	59	59	0
node_68	node_69	3	3	0
node_70	node_71	0	0	0
node_73	KF973333.1	28	28	0
node_71	node_72	20	20	0
node_72	KF973327.1	4	4	0
node_72	node_73	0	0	0
node_71	node_74	41	41	0
node_73	KF973324.1	0	0	0
node_74	node_75	10	10	0
node_75	KF973336.1	0	0	0
node_75	KF973326.1	0	0	0
node_76	KJ627654.1	9	9	0
node_74	node_76	5	5	0
node_76	KJ627653.1	96	96	0
node_70	node_77	4	4	0
node_77	node_78	1	1	0
node_78	node_79	13	16	-3
node_79	KJ627649.1	44	44	0
node_78	node_80	324	0	324
node_80	KJ627655.1	642	630	12
node_80	KF973320.1	7	7	0
node_77	node_81	9	9	0
node_79	KJ627650.1	54	55	-1
node_81	node_82	2	3	-1
node_81	node_83	1	1	0
node_83	KF973340.1	42	42	0
node_82	KF973330.1	1226	5	1221
node_82	KF973339.1	28	28	0
node_83	KF973338.1	9	9	0
node_69	node_84	31	31	0
node_84	node_85	13	13	0
node_86	node_87	37	37	0
node_85	node_86	4	4	0
node_87	MG027862.1	90	90	0
node_86	node_88	2	2	0
node_87	MG027859.1	155	155	0
node_88	KJ627666.1	14	14	0
node_88	KJ627661.1	201	201	0
node_85	node_89	1	1	0
node_91	KJ627721.1	7	7	0
node_90	KJ627667.1	1	1	0
node_89	node_90	7	7	0
node_89	node_91	45	45	0
node_90	KJ627668.1	69	69	0
node_93	node_94	6	6	0
node_94	KJ627720.1	3	3	0
node_92	node_93	1	1	0
node_91	MG027861.1	5140	4231	909
node_84	node_92	6	6	0
node_94	KJ627722.1	1078	6	1072
node_93	node_95	0	0	0
node_95	KJ627719.1	52	52	0
node_95	KJ627662.1	15	15	0
node_96	node_97	1	2	-1
node_92	node_96	3	3	0
node_97	KJ627732.1	66	66	0
node_97	KJ627714.1	19	19	0
node_96	node_98	0	0	0
node_98	JQ901456.1	153	152	1
node_99	node_100	3	3	0
node_98	KJ627715.1	55	55	0
node_100	node_101	37	37	0
node_101	node_102	6	6	0
node_68	node_99	44	10	34
node_103	KJ627717.1	43	43	0
node_102	node_103	0	0	0
node_103	KJ627716.1	4	4	0
node_104	KJ627718.1	33	33	0
node_102	node_104	0	0	0
node_104	KJ627729.1	38	40	-2
node_101	node_105	56	57	-1
node_105	node_106	0	0	0
node_106	KF826827.1	21	24	-3
node_105	node_107	43	45	-2
node_106	KJ627730.1	1166	1002	164
node_107	JQ901449.1	328	4	324
node_107	JQ901450.1	49	49	0
node_100	node_108	0	0	0
node_108	node_109	36	37	-1
node_109	node_110	45	45	0
node_110	JF920058.1	38	38	0
node_110	OK649617.1	55	55	0
node_111	KP317949.1	3047	2723	324
node_111	OK649677.1	799	384	415
node_109	node_111	359	359	0
node_113	KJ672479.1	0	0	0
node_113	KP317956.1	1066	505	561
node_108	node_112	309	147	162
node_112	node_113	0	0	0
node_112	node_114	0	0	0
node_114	KJ672474.1	2	2	0
node_114	KU950564.1	65	65	0
node_99	node_115	102	101	1
node_115	node_116	33	33	0
node_116	node_117	10	10	0
node_117	node_118	3	3	0
node_118	KX894800.1	0	0	0
node_117	node_119	1	1	0
node_118	KJ672447.1	0	0	0
node_119	KU950473.1	2	2	0
node_119	KU950501.1	329	5	324
node_116	node_120	0	0	0
node_120	node_121	60	60	0
node_121	KU950479.1	1199	23	1176
node_121	KU950487.1	18	18	0
node_122	KU950616.1	0	0	0
node_120	node_122	33	33	0
node_115	node_123	21	21	0
node_122	KX894798.1	327	3	324
node_123	node_124	25	25	0
node_124	node_125	3	3	0
node_125	KJ672462.1	52	52	0
node_125	KU950609.1	1165	14	1151
node_124	node_126	0	0	0
node_126	KJ672483.1	381	57	324
node_126	OK649656.1	83	83	0
node_127	node_128	0	0	0
node_123	node_127	25	25	0
node_128	OK649646.1	39	39	0
node_127	node_129	21	21	0
node_128	KX765891.1	119	119	0
node_129	OK649653.1	28	28	0
node_5	node_130	44	46	-2
node_129	OK649637.1	25	24	1
node_131	node_132	107	107	0
node_130	node_131	30	26	4
node_132	node_133	43	43	0
node_133	node_134	46	45	1
node_135	OK649608.1	55	55	0
node_134	node_135	3	3	0
node_135	node_136	24	24	0
node_136	OK649606.1	12	12	0
node_136	OK649595.1	0	0	0
node_134	node_137	0	0	0
node_137	node_138	29	29	0
node_138	OK649635.1	2	2	0
node_138	OK649649.1	24	24	0
node_139	KF826826.1	10	10	0
node_137	node_139	345	22	323
node_133	node_140	5	5	0
node_139	JX015487.1	944	73	871
node_140	node_141	1	1	0
node_141	node_142	25	25	0
node_141	node_143	0	0	0
node_143	JQ901448.1	60	60	0
node_142	KF826828.1	21	21	0
node_143	KF826841.1	62	62	0
node_145	KF826850.1	23	22	1
node_140	node_144	25	25	0
node_144	node_145	19	19	0
node_145	KF530268.1	1241	109	1132
node_142	KF530267.1	6132	5191	941
node_144	node_146	1	1	0
node_146	KF826852.1	69	68	1
node_146	KF826837.1	354	30	324
node_132	node_147	0	0	0
node_147	node_148	203	203	0
node_149	node_150	21	21	0
node_148	node_149	39	39	0
node_150	KF826836.1	533	209	324
node_150	KF826816.1	1899	1403	496
node_149	node_151	16	16	0
node_151	KU950561.1	993	223	770
node_151	KF826846.1	214	214	0
node_148	node_152	292	54	238
node_153	MH760599.1	84	84	0
node_152	node_154	649	203	446
node_152	node_153	358	34	324
node_153	KX765933.1	494	256	238
node_154	MF001038.1	80	80	0
node_154	KF826832.1	56	56	0
node_155	node_156	74	74	0
node_147	node_155	33	33	0
node_156	node_157	14	14	0
node_157	KJ627709.1	1	1	0
node_157	KJ627708.1	11	11	0
node_158	KJ627677.1	721	680	41
node_156	node_158	42	42	0
node_158	KJ627676.1	340	16	324
node_159	node_160	44	44	0
node_155	node_159	38	38	0
node_160	KF826824.1	53	53	0
node_160	KF826823.1	3	3	0
node_159	node_161	21	21	0
node_161	JQ901454.1	70	68	2
node_161	JQ901451.1	99	66	33
node_131	node_162	0	0	0
node_162	node_163	3	3	0
node_164	node_165	0	0	0
node_163	node_164	1	1	0
node_165	node_166	55	55	0
node_166	KJ643545.1	1	1	0
node_165	KJ627690.1	108	108	0
node_166	KJ643523.1	8	8	0
node_164	node_167	0	0	0
node_167	node_168	0	0	0
node_168	KJ643556.1	16	16	0
node_168	KJ643551.1	327	3	324
node_167	node_169	0	0	0
node_169	KJ643553.1	9	9	0
node_169	KJ643554.1	21	21	0
node_163	node_170	4	4	0
node_172	KJ643486.1	0	0	0
node_171	node_172	22	22	0
node_170	node_171	27	29	-2
node_172	KJ643547.1	852	528	324
node_171	node_173	0	0	0
node_173	KJ643485.1	65	65	0
node_174	node_175	0	0	0
node_173	KJ643525.1	6	6	0
node_170	node_174	0	0	0
node_175	KJ643548.1	110	110	0
node_175	KJ643555.1	10	10	0
node_174	node_176	0	0	0
node_176	KJ643579.1	47	49	-2
node_177	node_178	0	0	0
node_176	KJ643546.1	10	10	0
node_162	node_177	0	0	0
node_178	node_179	0	0	0
node_180	KJ643512.1	338	14	324
node_179	node_180	0	0	0
node_180	KJ643491.1	49	49	0
node_179	node_181	1	1	0
node_181	KJ643567.1	63	63	0
node_181	KJ643535.1	20	20	0
node_178	node_182	0	0	0
node_182	node_183	16	16	0
node_183	KJ643503.1	16	16	0
node_183	KJ643552.1	8	8	0
node_182	node_184	31	31	0
node_184	KJ643468.1	36	46	-10
node_184	KJ643534.1	7	7	0
node_177	node_185	0	0	0
node_185	node_186	19	19	0
node_186	node_187	0	0	0
node_187	KJ643497.1	34	36	-2
node_187	KJ643474.1	33	33	0
node_186	node_188	5	8	-3
node_188	KJ643475.1	0	0	0
node_185	node_189	0	0	0
node_189	node_190	1	1	0
node_188	KJ643484.1	331	7	324
node_190	KJ643483.1	5	5	0
node_190	KJ643472.1	811	811	0
node_191	KJ643538.1	35	35	0
node_189	node_191	0	0	0
node_191	KJ643493.1	24	24	0
node_193	node_194	0	0	0
node_130	node_192	162	24	138
node_192	node_193	0	0	0
node_194	node_195	28	28	0
node_195	node_196	0	0	0
node_196	KJ643495.1	14	14	0
node_196	node_197	45	45	0
node_197	KJ643507.1	1	1	0
node_197	KJ643509.1	1399	1295	104
node_198	node_199	0	0	0
node_195	node_198	1	1	0
node_199	KJ643519.1	19	19	0
node_198	node_200	0	0	0
node_200	KJ643470.1	39	39	0
node_199	KJ643476.1	35	35	0
node_200	KJ643506.1	19	19	0
node_194	node_201	324	0	324
node_201	node_202	2	2	0
node_202	node_203	0	0	0
node_203	KJ643462.1	387	63	324
node_203	KJ643494.1	0	0	0
node_202	node_204	11	11	0
node_204	KJ643471.1	17	17	0
node_204	KJ643488.1	19	19	0
node_201	node_205	0	0	0
node_205	node_206	0	0	0
node_206	KJ643530.1	324	0	324
node_206	KJ643589.1	17	17	0
node_205	node_207	0	0	0
node_207	KJ643482.1	889	49	840
node_193	node_208	21	21	0
node_207	KJ643500.1	1001	674	327
node_209	node_210	10	10	0
node_208	node_209	3	3	0
node_210	node_211	12	12	0
node_211	KJ643576.1	1169	13	1156
node_210	node_212	0	0	0
node_211	KJ643549.1	8	8	0
node_213	node_214	4	4	0
node_212	KJ643469.1	40	40	0
node_212	KJ643586.1	1	1	0
node_209	node_213	0	0	0
node_214	KJ643583.1	1	1	0
node_213	node_215	3	3	0
node_214	KJ643496.1	528	531	-3
node_215	KJ643502.1	3	3	0
node_215	KJ643513.1	18	18	0
node_208	node_216	357	33	324
node_216	node_217	345	107	238
node_217	node_218	0	0	0
node_218	KJ643481.1	83	83	0
node_218	KJ643536.1	20	20	0
node_217	node_219	0	0	0
node_219	KJ643528.1	2	2	0
node_216	node_220	0	0	0
node_220	node_221	0	0	0
node_219	KJ643511.1	12	12	0
node_220	node_222	26	26	0
node_221	KJ643479.1	320	320	0
node_222	KJ643565.1	398	74	324
node_221	KJ643465.1	464	140	324
node_222	KJ643540.1	870	30	840
node_192	node_223	0	0	0
node_223	node_224	94	0	94
node_224	node_225	0	0	0
node_227	KJ643522.1	18	18	0
node_225	node_226	0	0	0
node_227	KJ643587.1	787	226	561
node_226	node_227	151	2	149
node_228	KJ643499.1	33	33	0
node_226	node_228	0	0	0
node_228	KJ643570.1	711	149	562
node_229	node_230	1	1	0
node_225	node_229	0	0	0
node_230	KJ643527.1	43	42	1
node_229	node_231	3	3	0
node_230	KJ643531.1	341	17	324
node_224	node_232	7	7	0
node_231	KJ643568.1	330	6	324
node_231	KJ643564.1	45	45	0
node_233	node_234	0	0	0
node_232	node_233	0	0	0
node_234	KJ643580.1	71	71	0
node_234	KJ643560.1	1220	56	1164
node_233	node_235	0	0	0
node_235	KJ643501.1	848	16	832
node_235	KJ643510.1	331	7	324
node_236	node_237	0	0	0
node_232	node_236	16	16	0
node_237	KJ643533.1	254	254	0
node_236	node_238	0	0	0
node_237	KJ643524.1	0	0	0
node_238	KJ643543.1	19	19	0
node_223	node_239	13	13	0
node_238	KJ643575.1	17	17	0
node_239	node_240	4	4	0
node_240	node_241	0	0	0
node_241	node_242	14	15	-1
node_242	KJ643463.1	18	18	0
node_242	KJ643578.1	257	257	0
node_243	KJ643478.1	42	38	4
node_241	node_243	28	28	0
node_243	KJ643585.1	13	13	0
node_244	node_245	0	0	0
node_240	node_244	16	16	0
node_245	KJ643521.1	194	192	2
node_245	KJ643569.1	16	14	2
node_244	node_246	0	0	0
node_246	KJ643562.1	16	17	-1
node_246	KJ643520.1	29	31	-2
node_239	node_247	1	1	0
node_247	node_248	1	1	0
node_248	node_249	0	0	0
node_248	node_250	16	16	0
node_249	KJ643582.1	783	220	563
node_249	KJ643559.1	35	35	0
node_250	KJ643542.1	17	17	0
node_250	KJ643561.1	68	68	0
node_252	KJ643505.1	6	6	0
node_252	KJ643498.1	2	2	0
node_247	node_251	5	5	0
node_251	node_252	2	2	0
node_251	node_253	4	4	0
node_253	KJ643577.1	75	75	0
node_253	KJ643467.1	341	17	324
node_4	node_254	24	24	0
node_254	node_255	23	15	8
node_255	node_256	814	98	716
node_256	node_257	39	39	0
node_257	node_258	0	0	0
node_258	node_259	13	16	-3
node_259	node_260	0	0	0
node_260	KJ643508.1	47	47	0
node_261	KJ643529.1	21	21	0
node_260	node_261	2	2	0
node_261	KJ643489.1	869	869	0
node_262	node_263	0	0	0
node_263	KJ643515.1	77	77	0
node_259	node_262	0	0	0
node_264	KJ643490.1	76	76	0
node_263	KJ643514.1	14	14	0
node_262	node_264	0	0	0
node_258	node_265	3	3	0
node_264	KJ643464.1	19	19	0
node_266	node_267	0	0	0
node_265	node_266	0	0	0
node_267	KJ643588.1	356	356	0
node_267	KJ643466.1	17	17	0
node_268	KJ643571.1	1	1	0
node_266	node_268	0	0	0
node_268	KJ643572.1	16	16	0
node_265	node_269	21	1	20
node_269	node_270	4	4	0
node_270	KJ643544.1	20	20	0
node_270	KJ643574.1	105	105	0
node_269	node_271	57	60	-3
node_271	KJ643473.1	359	111	248
node_271	KJ643539.1	1707	1264	443
node_257	node_272	0	0	0
node_273	node_274	0	0	0
node_274	node_275	0	0	0
node_272	node_273	31	31	0
node_275	KJ643492.1	387	387	0
node_275	KJ643584.1	329	5	324
node_276	KJ643532.1	217	217	0
node_274	node_276	0	0	0
node_276	KJ643581.1	352	28	324
node_273	node_277	0	0	0
node_277	node_278	324	0	324
node_278	KJ643477.1	29	29	0
node_277	node_279	0	0	0
node_278	KJ643541.1	773	648	125
node_279	KJ643566.1	20	20	0
node_272	node_280	12	12	0
node_280	node_281	32	32	0
node_279	KJ643550.1	0	0	0
node_281	node_282	6	6	0
node_282	KJ643517.1	9	10	-1
node_282	KJ643487.1	386	62	324
node_281	node_283	0	0	0
node_283	KJ643526.1	90	91	-1
node_283	KJ643516.1	372	372	0
node_280	node_284	4	4	0
node_285	KJ643480.1	51	51	0
node_285	KJ643518.1	9	9	0
node_284	node_285	8	9	-1
node_284	node_286	324	0	324
node_286	KJ641590.1	32	33	-1
node_286	KJ643563.1	37	37	0
node_256	node_287	15	15	0
node_287	node_288	0	0	0
node_288	node_289	57	57	0
node_289	node_290	1	1	0
node_290	KJ643537.1	47	46	1
node_291	KJ643558.1	26	23	3
node_291	KJ643557.1	410	172	238
node_290	node_291	18	18	0
node_289	node_292	1	1	0
node_292	node_293	388	4	384
node_293	KJ643504.1	6	6	0
node_292	node_294	14	14	0
node_293	KJ643573.1	12	12	0
node_294	KJ627680.1	427	359	68
node_294	KJ627679.1	38	38	0
node_295	node_296	6	6	0
node_288	node_295	13	16	-3
node_297	KJ627678.1	39	39	0
node_296	node_297	0	0	0
node_297	JX069803.1	68	68	0
node_296	node_298	0	0	0
node_298	JX069802.1	57	57	0
node_298	KJ627682.1	81	81	0
node_295	node_299	0	0	0
node_299	node_300	37	37	0
node_300	KJ627684.1	5	5	0
node_301	KJ627674.1	21	15	6
node_301	KJ627673.1	87	87	0
node_300	KJ627683.1	60	60	0
node_287	node_302	22	22	0
node_303	node_304	3	3	0
node_299	node_301	69	68	1
node_302	node_303	215	135	80
node_305	KJ627672.1	427	103	324
node_304	node_305	1	1	0
node_304	node_306	28	28	0
node_305	KJ627675.1	86	86	0
node_306	KJ627712.1	103	103	0
node_303	node_307	89	89	0
node_306	KJ627713.1	778	742	36
node_307	node_308	238	0	238
node_308	KJ627710.1	9	9	0
node_307	node_309	4	4	0
node_308	KJ627689.1	616	232	384
node_309	KJ627688.1	10	10	0
node_309	KJ627711.1	727	680	47
node_302	node_310	13	13	0
node_313	KJ627691.1	493	493	0
node_310	node_311	152	152	0
node_312	KJ627700.1	1077	721	356
node_312	KJ627701.1	250	250	0
node_311	node_312	55	55	0
node_311	node_313	354	354	0
node_313	KJ627692.1	1499	1009	490
node_315	KJ627703.1	190	190	0
node_310	node_314	46	49	-3
node_314	node_315	0	0	0
node_315	KJ627706.1	0	0	0
node_316	KJ627707.1	21	21	0
node_314	node_316	0	0	0
node_316	KJ627705.1	16	16	0
node_255	node_317	161	13	148
node_317	node_318	102	94	8
node_319	node_320	37	37	0
node_318	node_319	0	0	0
node_320	node_321	42	42	0
node_321	KJ627704.1	354	29	325
node_321	node_322	1	1	0
node_322	KJ627702.1	51	50	1
node_322	KJ627685.1	87	87	0
node_324	KJ627687.1	6	6	0
node_320	node_323	1	1	0
node_323	node_324	48	48	0
node_324	KJ627686.1	355	31	324
node_323	node_325	45	45	0
node_319	node_326	31	30	1
node_325	KJ627694.1	952	949	3
node_326	node_327	16	16	0
node_325	KJ627693.1	0	0	0
node_327	node_328	0	0	0
node_328	KJ627724.1	342	18	324
node_328	KJ627723.1	6	6	0
node_327	node_329	0	0	0
node_329	KJ627726.1	313	313	0
node_329	KJ627725.1	25	25	0
node_326	node_330	18	18	0
node_331	KJ627665.1	1452	1450	2
node_331	KJ627663.1	1	1	0
node_330	node_331	30	30	0
node_330	node_332	2	2	0
node_332	KJ627664.1	325	2	323
node_332	KJ627657.1	37	37	0
node_318	node_333	4	4	0
node_334	node_335	241	241	0
node_333	node_334	27	18	9
node_335	node_336	4	4	0
node_336	KJ627659.1	629	245	384
node_336	KJ627658.1	567	5	562
node_335	node_337	36	37	-1
node_337	KJ627660.1	1698	898	800
node_337	KJ627670.1	233	235	-2
node_334	node_338	1	1	0
node_338	node_339	11	11	0
node_339	KJ627669.1	564	326	238
node_339	KJ627671.1	28	28	0
node_338	node_340	53	52	1
node_340	KJ627652.1	11	11	0
node_340	KJ627651.1	345	346	-1
node_343	KJ627727.1	369	45	324
node_341	node_342	41	41	0
node_342	node_343	0	0	0
node_333	node_341	0	0	0
node_343	KJ627731.1	7	7	0
node_342	node_344	0	0	0
node_344	KJ627728.1	44	44	0
node_344	MG027860.1	834	321	513
node_341	node_345	73	73	0
node_345	node_346	0	0	0
node_346	JQ901455.1	116	116	0
node_347	KY967364.1	34	34	0
node_346	KJ627733.1	112	111	1
node_345	node_347	101	101	0
node_347	MF973156.1	354	28	326
node_348	node_349	1	1	0
node_317	node_348	142	142	0
node_349	node_350	179	179	0
node_350	node_351	28	28	0
node_353	KF530260.1	779	217	562
node_352	GU591759.1	92	92	0
node_351	node_352	7	7	0
node_352	KF826847.1	123	123	0
node_351	node_353	9	9	0
node_353	KF826854.1	53	53	0
node_355	JX015488.1	364	40	324
node_354	node_355	10	10	0
node_355	JX015485.1	16	16	0
node_350	node_354	30	30	0
node_356	KJ627656.1	62	62	0
node_354	node_356	0	0	0
node_356	KJ939943.1	114	116	-2
node_349	node_357	2	2	0
node_357	node_358	1	1	0
node_358	node_359	291	291	0
node_359	KJ939948.1	2	2	0
node_359	KJ939954.1	25	25	0
node_358	node_360	16	16	0
node_360	MG642048.1	11	11	0
node_361	node_362	2	2	0
node_357	node_361	50	50	0
node_360	MG642055.1	2	2	0
node_362	KU316104.1	94	94	0
node_361	node_363	0	0	0
node_362	KU316176.1	68	68	0
node_363	KP258732.1	1	1	0
node_363	KP258728.1	9	9	0
node_348	node_364	37	37	0
node_366	node_367	0	0	0
node_364	node_365	8	8	0
node_365	node_366	1	1	0
node_367	KP258711.1	19	19	0
node_366	node_368	26	0	26
node_367	KJ723490.1	23	23	0
node_368	KJ723465.1	344	20	324
node_368	KP258710.1	12	12	0
node_365	node_369	14	14	0
node_370	KJ723473.1	31	31	0
node_369	node_370	0	0	0
node_371	KP258701.1	5	5	0
node_370	MG642052.1	7	7	0
node_369	node_371	0	0	0
node_371	MG642061.1	6	6	0
node_372	node_373	0	0	0
node_364	node_372	20	20	0
node_373	node_374	0	0	0
node_374	OK649674.1	455	131	324
node_374	KP258740.1	0	0	0
node_373	node_375	0	0	0
node_375	KU316161.1	332	8	324
node_375	KJ723487.1	3	3	0
node_372	node_376	0	0	0
node_377	OK649676.1	79	79	0
node_376	node_377	0	0	0
node_377	KP258722.1	3	3	0
node_376	node_378	37	37	0
node_378	KU316121.1	52	52	0
node_378	KP258707.1	82	81	1
node_254	node_379	362	230	132
node_381	node_382	226	85	141
node_382	node_383	13	13	0
node_380	node_381	232	58	174
node_379	node_380	238	214	24
node_383	node_384	7	7	0
node_384	KU316170.1	41	40	1
node_384	node_385	39	39	0
node_385	OK649671.1	64	64	0
node_385	KU316096.1	342	18	324
node_386	node_387	1	1	0
node_383	node_386	77	79	-2
node_387	KU316145.1	130	132	-2
node_386	node_388	97	97	0
node_388	KU316180.1	415	186	229
node_387	JF920059.2	2957	2477	480
node_382	node_389	2	2	0
node_389	node_390	26	26	0
node_388	JF920061.2	3567	2974	593
node_390	node_391	1	1	0
node_391	KP258727.1	100	100	0
node_390	node_392	8	8	0
node_391	KP258726.1	47	47	0
node_392	KP258703.1	43	43	0
node_393	node_394	325	3	322
node_389	node_393	170	169	1
node_394	KJ723462.1	167	166	1
node_394	KJ627697.1	1482	1127	355
node_393	node_395	13	13	0
node_395	KJ627696.1	20	20	0
node_396	node_397	72	8	64
node_395	KJ627699.1	100	100	0
node_381	node_396	48	19	29
node_397	node_398	97	97	0
node_398	node_399	156	155	1
node_399	KJ627698.1	794	681	113
node_399	KJ627695.1	16	16	0
node_398	node_400	254	232	22
node_392	JF920060.1	11249	6141	5108
node_400	KP258699.1	761	321	440
node_401	node_402	15	13	2
node_397	node_401	21	21	0
node_402	MG642079.1	0	0	0
node_402	MG642031.1	0	0	0
node_401	node_403	24	21	3
node_396	node_404	113	113	0
node_403	MG642083.1	60	60	0
node_404	node_405	174	174	0
node_400	KP856964.1	10251	6163	4088
node_405	node_406	252	14	238
node_403	KU316133.1	76	75	1
node_406	KJ723486.2	468	468	0
node_406	KP258716.1	4011	2340	1671
node_407	KU316150.1	266	264	2
node_405	node_407	2	2	0
node_407	KP258704.1	339	338	1
node_404	node_408	82	79	3
node_408	node_409	9	9	0
node_409	KP258696.1	21	21	0
node_409	MG642041.1	4864	2527	2337
node_408	node_410	41	41	0
node_410	KJ723468.2	6	6	0
node_410	KP258715.1	4	4	0
node_380	node_411	227	44	183
node_411	node_412	70	69	1
node_413	node_414	1	1	0
node_414	node_415	0	0	0
node_412	node_413	0	0	0
node_414	KU316093.1	258	255	3
node_415	MG642032.1	2	2	0
node_415	MG642040.1	3	3	0
node_413	node_416	0	0	0
node_416	node_417	0	0	0
node_417	KP258709.1	3	3	0
node_417	MG642058.1	2	2	0
node_416	node_418	1	1	0
node_418	KJ723488.1	27	27	0
node_418	KU316090.1	7	7	0
node_412	node_419	163	163	0
node_419	node_420	0	0	0
node_421	KU316135.1	167	167	0
node_420	node_421	0	0	0
node_421	MG642024.1	168	168	0
node_420	node_422	0	0	0
node_422	KP856967.1	194	193	1
node_419	node_423	0	0	0
node_423	node_424	2	2	0
node_422	MG642028.1	168	168	0
node_425	KU316143.1	1124	296	828
node_423	node_425	135	134	1
node_425	MG642074.1	211	211	0
node_424	KP258725.1	164	164	0
node_411	node_426	246	246	0
node_426	node_427	50	50	0
node_427	node_428	55	59	-4
node_428	node_429	172	172	0
node_424	KJ723471.1	8975	5656	3319
node_429	KP856969.1	102	101	1
node_428	node_430	35	35	0
node_429	KU316149.1	85	85	0
node_430	MG642073.1	7364	5520	1844
node_427	node_431	6	6	0
node_431	node_432	261	231	30
node_430	KU316157.1	23	23	0
node_432	KU316137.1	327	4	323
node_432	KU316178.1	9	9	0
node_433	MN365405.1	9	9	0
node_434	node_435	227	226	1
node_433	MN365509.1	1	1	0
node_435	node_436	0	0	0
node_436	MN365394.1	284	190	94
node_435	node_437	2	2	0
node_431	node_433	4488	2957	1531
node_436	MN365402.1	41	41	0
node_437	MN365391.1	40	40	0
node_426	node_434	4415	2887	1528
node_437	MN365542.1	1	1	0
node_434	node_438	1	2	-1
node_439	MN365397.1	249	249	0
node_438	node_439	0	0	0
node_439	MN365404.1	10	10	0
node_438	node_440	0	0	0
node_440	MN365311.1	25	25	0
node_440	MN365395.1	105	105	0
node_441	node_442	0	0	0
node_444	node_445	0	0	0
node_379	node_441	4760	3040	1720
node_442	node_443	0	0	0
node_443	node_444	5	5	0
node_445	MN365390.1	183	183	0
node_446	MN365548.1	71	71	0
node_446	MN365398.1	0	0	0
node_444	node_447	0	0	0
node_445	node_446	5	5	0
node_447	node_448	57	57	0
node_448	MN365432.1	14	14	0
node_448	MN365393.1	80	80	0
node_447	node_449	1	1	0
node_449	MN365334.1	267	267	0
node_443	node_450	1	1	0
node_449	MN365437.1	6	6	0
node_452	MN365582.1	2	2	0
node_450	node_451	0	0	0
node_451	node_452	5	5	0
node_451	node_453	27	27	0
node_452	MN365438.1	171	171	0
node_453	MN365403.1	2827	2263	564
node_453	MN365549.1	122	122	0
node_450	node_454	0	0	0
node_455	MN365553.1	63	63	0
node_454	node_455	326	0	326
node_455	MN365396.1	509	183	326
node_454	node_456	0	0	0
node_456	MN365400.1	45	45	0
node_456	MN365401.1	59	59	0
node_457	node_458	14	14	0
node_442	node_457	219	219	0
node_458	node_459	232	232	0
node_459	node_460	53	53	0
node_460	MN365392.1	5	5	0
node_460	MN365508.1	16	16	0
node_459	node_461	1	1	0
node_461	MN365406.1	59	59	0
node_461	MN365435.1	5	5	0
node_462	node_463	2	2	0
node_458	node_462	10	10	0
node_463	MN365339.1	241	241	0
node_463	MN365505.1	42	42	0
node_462	node_464	0	0	0
node_457	node_465	37	37	0
node_464	MN365323.1	62	62	0
node_464	MN365416.1	12	12	0
node_465	node_466	0	0	0
node_466	node_467	0	0	0
node_467	MN365495.1	55	55	0
node_467	MN365371.1	9	9	0
node_468	MN365514.1	6	6	0
node_465	node_469	2	2	0
node_468	MN365424.1	259	259	0
node_466	node_468	1	1	0
node_469	node_470	1	1	0
node_470	MN365571.1	7	7	0
node_470	MN365506.1	37	37	0
node_469	node_471	13	13	0
node_471	MN365407.1	3	3	0
node_471	MN365578.1	336	150	186
node_441	node_472	4	4	0
node_473	node_474	3	3	0
node_472	node_473	63	63	0
node_476	MN365576.1	16	16	0
node_474	node_475	1	1	0
node_475	node_476	0	0	0
node_475	node_477	2	2	0
node_476	MN365577.1	262	24	238
node_477	MN365574.1	20	20	0
node_477	MN365433.1	8	8	0
node_478	node_479	0	0	0
node_474	node_478	0	0	0
node_479	MN365581.1	22	22	0
node_478	node_480	2	2	0
node_479	MN365507.1	35	36	-1
node_480	MN365537.1	72	72	0
node_480	MN365511.1	7	7	0
node_473	node_481	1	1	0
node_481	node_482	4	5	-1
node_482	node_483	0	0	0
node_483	MN365439.1	78	74	4
node_483	MN365483.1	7	4	3
node_482	node_484	0	0	0
node_484	MN365428.1	9	9	0
node_484	MN365477.1	27	27	0
node_481	node_485	64	64	0
node_486	MN365570.1	89	89	0
node_485	node_486	1	1	0
node_486	MN365512.1	345	19	326
node_485	node_487	2	2	0
node_487	MN365341.1	6	6	0
node_487	MN365552.1	10	10	0
node_472	node_488	0	0	0
node_488	node_489	0	0	0
node_489	node_490	0	0	0
node_491	MN365399.1	5	5	0
node_490	node_491	0	0	0
node_491	MN365580.1	9	9	0
node_490	node_492	7	7	0
node_492	MN365314.1	7	7	0
node_492	MN365312.1	8	8	0
node_489	node_493	0	0	0
node_493	node_494	262	262	0
node_494	MN365476.1	731	5	726
node_494	MN365572.1	16	16	0
node_493	node_495	69	69	0
node_495	MN365513.1	9	9	0
node_488	node_496	268	268	0
node_495	MN365425.1	1197	705	492
node_496	node_497	0	0	0
node_498	MN365327.1	8	8	0
node_497	node_499	18	18	0
node_497	node_498	9	9	0
node_498	MN365560.1	4	4	0
node_499	MN365318.1	35	35	0
node_499	MN365328.1	730	7	723
node_496	node_500	0	0	0
node_500	node_501	0	0	0
node_501	MN365373.1	1104	54	1050
node_501	MN365322.1	10	10	0
node_500	node_502	0	0	0
node_502	MN365534.1	9	9	0
node_502	MN365474.1	18	18	0
node_3	node_503	1582	1229	353
node_503	node_504	12	12	0
node_504	node_505	27	27	0
node_505	node_506	75	75	0
node_506	node_507	2	2	0
node_508	node_509	6	0	6
node_507	node_508	79	79	0
node_510	node_511	10	10	0
node_509	node_510	56	56	0
node_511	MN365326.1	39	39	0
node_510	MN365321.1	5	5	0
node_509	node_512	25	25	0
node_511	MN365345.1	1115	180	935
node_512	node_513	0	0	0
node_513	MZ515889.1	138	138	0
node_513	MW160789.1	21	21	0
node_512	node_514	0	0	0
node_514	MW160744.1	22	22	0
node_508	node_515	82	32	50
node_514	MZ516032.1	63	63	0
node_515	node_516	331	5	326
node_516	node_517	1	1	0
node_517	MW160750.1	236	5	231
node_517	MW160796.1	8	8	0
node_518	MH760673.1	1468	268	1200
node_516	node_518	0	0	0
node_518	MW160788.1	8	8	0
node_515	node_519	0	0	0
node_520	MW160792.1	15	15	0
node_520	MW160755.1	61	61	0
node_519	node_520	1	1	0
node_521	MW160770.1	35	35	0
node_519	node_521	19	19	0
node_521	MW160808.1	45	43	2
node_523	node_524	74	74	0
node_524	node_525	10	10	0
node_525	MW160775.1	50	50	0
node_525	KY684758.1	87	86	1
node_524	node_526	0	0	0
node_526	LR699742.1	99	99	0
node_507	node_522	4	4	0
node_522	node_523	0	0	0
node_527	node_528	0	0	0
node_526	MN365330.1	66	66	0
node_528	MN365331.1	60	60	0
node_523	node_527	0	0	0
node_528	MN365468.1	0	0	0
node_527	node_529	0	0	0
node_529	MN365473.1	326	0	326
node_529	MN365465.1	10	10	0
node_522	node_530	0	0	0
node_530	node_531	0	0	0
node_531	node_532	0	0	0
node_532	MN365467.1	566	10	556
node_531	node_533	4	4	0
node_533	MN365347.1	1123	162	961
node_532	MN365458.1	20	20	0
node_533	MN365351.1	1	1	0
node_535	MN365332.1	10	10	0
node_534	node_535	2	2	0
node_530	node_534	0	0	0
node_535	MN365329.1	1	1	0
node_536	MN365471.1	0	0	0
node_506	node_537	6	0	6
node_536	MN365469.1	34	34	0
node_537	node_538	3	3	0
node_538	node_539	3	3	0
node_534	node_536	0	0	0
node_539	node_540	5	5	0
node_540	MN365444.1	1128	216	912
node_540	node_541	1	1	0
node_541	MN365459.1	18	18	0
node_539	node_542	0	0	0
node_541	MN365448.1	8	8	0
node_542	node_543	10	10	0
node_543	MN365360.1	0	0	0
node_543	MN365590.1	556	0	556
node_542	node_544	8	8	0
node_545	node_546	6	6	0
node_544	MN365460.1	365	39	326
node_544	MN365528.1	1	1	0
node_538	node_545	0	0	0
node_546	node_548	3	3	0
node_546	node_547	1	1	0
node_547	MN365450.1	11	11	0
node_547	MN365413.1	53	53	0
node_548	MN365516.1	7	7	0
node_545	node_549	0	0	0
node_548	MN365518.1	380	54	326
node_550	MN365343.1	14	14	0
node_549	node_550	0	0	0
node_549	node_551	0	0	0
node_551	MN365319.1	11	11	0
node_550	MN365325.1	332	7	325
node_552	node_553	3	3	0
node_551	MN365333.1	39	39	0
node_537	node_552	0	0	0
node_553	node_554	8	8	0
node_554	node_555	0	0	0
node_555	MN365544.1	607	53	554
node_554	node_556	12	12	0
node_555	MN365441.1	36	36	0
node_556	MN365356.1	29	29	0
node_556	MN365453.1	44	44	0
node_553	node_557	1	1	0
node_558	MN365566.1	2254	2048	206
node_558	MN365451.1	595	5	590
node_557	node_558	579	11	568
node_557	node_559	2	2	0
node_559	MN365555.1	6	6	0
node_559	MN365442.1	41	41	0
node_552	node_560	34	34	0
node_561	node_562	0	0	0
node_560	node_561	1	1	0
node_563	MN365380.1	28	28	0
node_562	MN365324.1	22	22	0
node_561	node_563	7	7	0
node_562	MN365374.1	0	0	0
node_565	MN365496.1	9	9	0
node_560	node_564	0	0	0
node_565	MN365585.1	5	5	0
node_563	MN365493.1	5	5	0
node_566	MN365389.1	17	17	0
node_564	node_566	6	6	0
node_564	node_565	32	32	0
node_566	MN365415.1	331	5	326
node_505	node_567	16	16	0
node_567	node_568	8	8	0
node_568	node_569	69	39	30
node_570	node_571	50	50	0
node_571	MN365420.1	7	7	0
node_569	node_570	1	1	0
node_571	node_572	1	1	0
node_572	MN365336.1	59	59	0
node_570	node_573	1	1	0
node_573	node_574	817	230	587
node_572	MN365504.1	15	15	0
node_574	MN365315.1	251	21	230
node_574	MN365551.1	334	9	325
node_569	node_576	18	18	0
node_573	node_575	16	16	0
node_575	MN365529.1	18	18	0
node_577	node_578	11	11	0
node_575	MN365497.1	896	3	893
node_576	node_577	0	0	0
node_578	MN365527.1	7	7	0
node_578	MN365567.1	572	17	555
node_577	node_579	0	0	0
node_579	MN365592.1	23	23	0
node_576	node_580	8	8	0
node_580	node_581	0	0	0
node_579	MN365588.1	5	5	0
node_581	MN365494.1	11	11	0
node_581	MN365595.1	8	8	0
node_580	node_582	0	0	0
node_582	MN365586.1	8	8	0
node_582	MN365500.1	3	3	0
node_568	node_583	107	107	0
node_583	node_584	16	16	0
node_585	node_586	0	0	0
node_585	node_587	0	0	0
node_586	MN365596.1	26	26	0
node_586	MN365597.1	4	4	0
node_587	MN365594.1	12	12	0
node_584	node_585	94	94	0
node_587	MN365600.1	6	6	0
node_584	node_588	0	0	0
node_588	node_589	647	1	646
node_590	MN365599.1	85	85	0
node_589	MN365454.1	420	94	326
node_590	MW160821.1	68	68	0
node_588	node_590	0	0	0
node_589	MN365591.1	102	102	0
node_583	node_591	279	49	230
node_591	node_592	1	1	0
node_592	node_593	28	28	0
node_593	MN365386.1	428	102	326
node_593	MN365498.1	124	124	0
node_592	node_594	876	0	876
node_591	node_595	24	24	0
node_595	node_596	2	2	0
node_596	LR699739.1	115	115	0
node_594	LR699741.1	468	144	324
node_594	MH327947.1	157	157	0
node_596	LR699738.1	674	118	556
node_597	LR699740.1	443	119	324
node_595	node_597	0	0	0
node_597	MH760676.1	909	264	645
node_601	node_602	0	0	0
node_599	node_600	929	54	875
node_567	node_598	190	190	0
node_602	MH760678.1	1	1	0
node_598	node_599	25	25	0
node_602	MH760680.1	1	1	0
node_600	node_601	39	39	0
node_601	node_603	1	1	0
node_603	MH760674.1	556	1	555
node_603	MH760714.1	20	20	0
node_600	node_604	13	13	0
node_604	node_605	2	2	0
node_604	node_606	1	1	0
node_605	MH760668.1	0	0	0
node_606	MW160805.1	1138	264	874
node_605	MH760696.1	1	1	0
node_606	MH760728.1	27	27	0
node_607	node_608	15	15	0
node_599	node_607	204	204	0
node_608	node_609	45	45	0
node_609	MZ515918.1	30	30	0
node_608	node_610	1	1	0
node_609	MZ515818.1	3937	3398	539
node_610	MW160763.1	37	36	1
node_607	node_611	1	1	0
node_612	MH760694.1	930	284	646
node_610	LC474541.1	36	36	0
node_611	node_612	239	9	230
node_612	MW160748.1	682	20	662
node_611	node_613	21	21	0
node_613	MK989762.1	45	45	0
node_613	MN365515.1	19	19	0
node_615	node_616	12	12	0
node_616	node_617	5	5	0
node_598	node_614	55	55	0
node_614	node_615	115	115	0
node_617	MN365539.1	1	1	0
node_617	MN365550.1	170	90	80
node_616	node_618	675	141	534
node_618	MN365536.1	9	9	0
node_618	MN365545.1	15	15	0
node_619	node_620	297	67	230
node_615	node_619	0	0	0
node_620	MN365434.1	563	238	325
node_620	MN365317.1	657	123	534
node_619	node_621	7	7	0
node_621	MN365546.1	22	22	0
node_621	MN365304.1	137	61	76
node_614	node_622	791	27	764
node_622	node_623	0	0	0
node_623	node_624	5	5	0
node_624	MN365485.1	539	213	326
node_623	node_625	256	26	230
node_624	MN365308.1	2	2	0
node_625	MN365306.1	137	137	0
node_625	MN365422.1	509	186	323
node_622	node_626	0	0	0
node_627	MN365307.1	59	59	0
node_626	node_627	3	3	0
node_626	node_628	30	30	0
node_628	MN365427.1	539	213	326
node_627	MN365310.1	168	168	0
node_628	MN365369.1	372	34	338
node_504	node_629	1	1	0
node_630	node_631	38	32	6
node_629	node_630	2	2	0
node_631	node_632	26	26	0
node_633	node_634	1209	188	1021
node_632	node_633	18	18	0
node_634	MN365309.1	159	163	-4
node_634	node_635	21	21	0
node_635	MN365478.1	36	39	-3
node_633	node_636	29	29	0
node_635	MN365316.1	140	114	26
node_636	node_637	0	0	0
node_637	MN365510.1	97	96	1
node_637	MN365499.1	20	20	0
node_636	node_638	0	0	0
node_638	MN365565.1	5	5	0
node_638	MN365419.1	22	22	0
node_632	node_639	9	9	0
node_639	node_640	27	27	0
node_640	node_641	1	1	0
node_641	MN365563.1	18	18	0
node_641	MN365358.1	27	27	0
node_640	node_642	0	0	0
node_642	MN365352.1	45	45	0
node_642	MN365382.1	14	14	0
node_639	node_643	14	14	0
node_643	node_644	0	0	0
node_644	MN365354.1	367	42	325
node_644	MN365562.1	11	11	0
node_643	node_645	0	0	0
node_645	MN365381.1	31	31	0
node_645	MN365377.1	18	18	0
node_631	node_646	849	239	610
node_646	node_647	0	0	0
node_647	node_648	858	248	610
node_648	node_649	14	14	0
node_649	MN365475.1	111	111	0
node_649	MN365538.1	28	28	0
node_650	MN365436.1	1083	263	820
node_650	MN365303.1	774	344	430
node_647	node_651	241	12	229
node_648	node_650	39	39	0
node_651	node_652	49	49	0
node_652	MH760731.1	5	5	0
node_652	MH760653.1	8	8	0
node_651	node_653	16	18	-2
node_653	MN167849.1	3	3	0
node_653	MK929517.1	0	0	0
node_646	node_654	18	18	0
node_655	node_656	35	35	0
node_654	node_655	236	6	230
node_656	MN167842.1	7	7	0
node_656	MN167843.1	107	107	0
node_655	node_657	0	0	0
node_657	KX765935.1	1142	267	875
node_657	MH760720.1	88	86	2
node_654	node_658	4	4	0
node_658	node_659	22	22	0
node_659	MH760692.1	282	53	229
node_659	LC474553.1	924	280	644
node_660	MH760671.1	391	67	324
node_660	KY249682.1	913	269	644
node_661	node_662	32	32	0
node_658	node_660	2	2	0
node_662	node_663	0	0	0
node_630	node_661	43	43	0
node_663	node_664	26	26	0
node_664	MK749880.1	1	1	0
node_664	node_665	0	0	0
node_665	MK749914.1	4	4	0
node_665	MK749866.1	26	26	0
node_663	node_666	0	0	0
node_666	node_667	0	0	0
node_667	MK749904.1	8	8	0
node_667	MK749878.1	900	6	894
node_666	node_668	0	0	0
node_668	MK749907.1	4	4	0
node_668	MK749888.1	897	4	893
node_662	node_669	0	0	0
node_670	node_672	15	15	0
node_669	node_670	0	0	0
node_671	MK749906.1	9	9	0
node_670	node_671	0	0	0
node_672	MK749915.1	13	13	0
node_671	MK749903.1	565	9	556
node_672	MK749874.1	1	1	0
node_673	node_674	0	0	0
node_669	node_673	18	17	1
node_674	MK749889.1	5	3	2
node_674	MK749870.1	29	28	1
node_675	MK749876.1	2	2	0
node_675	MK749896.1	345	19	326
node_673	node_675	0	0	0
node_661	node_676	0	0	0
node_676	node_677	326	1	325
node_677	node_678	20	19	1
node_679	MK749905.1	351	25	326
node_678	node_679	0	0	0
node_679	MK749908.1	14	14	0
node_680	MK749897.1	29	29	0
node_677	node_681	34	34	0
node_678	node_680	0	0	0
node_682	MN167844.1	844	242	602
node_683	MH828511.1	392	68	324
node_680	MK749879.1	256	25	231
node_681	node_682	57	13	44
node_682	MK749875.1	364	38	326
node_681	node_683	33	33	0
node_683	MH760701.1	890	244	646
node_676	node_684	62	62	0
node_685	node_686	0	0	0
node_684	node_685	0	0	0
node_686	MG773268.1	261	261	0
node_686	MK749868.1	28	28	0
node_685	node_687	1	1	0
node_687	MK749882.1	593	38	555
node_687	MK749894.1	17	17	0
node_684	node_688	1	1	0
node_688	node_689	0	0	0
node_689	MK749910.1	0	0	0
node_688	node_690	11	11	0
node_689	MK749887.1	36	36	0
node_691	node_692	37	37	0
node_692	node_693	0	0	0
node_690	MK749916.1	3	3	0
node_629	node_691	6	6	0
node_693	node_694	15	15	0
node_690	MK749869.1	561	5	556
node_694	node_695	12	12	0
node_695	MK749885.1	7	7	0
node_695	node_696	0	0	0
node_696	MK749901.1	10	10	0
node_696	LC474544.1	78	78	0
node_694	node_697	14	14	0
node_697	node_698	326	0	326
node_698	LC474542.1	66	66	0
node_698	MF001058.1	109	109	0
node_697	node_699	0	0	0
node_699	MW160781.1	30	30	0
node_699	MZ515648.1	70	70	0
node_701	node_702	23	23	0
node_693	node_700	46	46	0
node_702	LR699743.1	655	100	555
node_702	MN365348.1	41	41	0
node_700	node_701	0	0	0
node_703	MN365353.1	17	17	0
node_701	node_703	16	16	0
node_703	MN365350.1	0	0	0
node_700	node_704	556	0	556
node_704	node_705	0	0	0
node_705	MN365349.1	249	19	230
node_705	MN365355.1	31	31	0
node_706	MN365558.1	363	26	337
node_704	node_706	1	1	0
node_692	node_707	14	0	14
node_706	MN365346.1	1233	184	1049
node_707	node_708	277	33	244
node_708	node_709	14	14	0
node_709	node_710	0	0	0
node_710	MN365376.1	327	1	326
node_711	MN365375.1	363	37	326
node_710	MN365384.1	245	15	230
node_711	MN365484.1	935	359	576
node_709	node_711	1	1	0
node_713	MN365313.1	47	47	0
node_712	node_713	556	22	534
node_708	node_712	249	249	0
node_713	MN365579.1	8	8	0
node_712	node_714	349	119	230
node_714	MN365423.1	195	195	0
node_714	MN365340.1	24	24	0
node_707	node_715	43	43	0
node_716	node_717	34	34	0
node_715	node_716	7	7	0
node_717	MN365305.1	1117	253	864
node_717	MW160794.1	40	40	0
node_716	node_718	5	5	0
node_718	LC474551.1	23	23	0
node_718	LR699726.1	645	90	555
node_719	node_720	28	28	0
node_720	MG773266.1	6	6	0
node_715	node_719	2	2	0
node_720	MG773270.1	10	10	0
node_719	node_721	9	9	0
node_721	MW160804.1	39	39	0
node_721	LC488177.1	113	111	2
node_722	node_723	10	10	0
node_691	node_722	31	31	0
node_723	node_724	0	0	0
node_725	node_726	0	0	0
node_724	node_725	0	0	0
node_726	KY249660.1	57	57	0
node_726	MW160757.1	38	38	0
node_727	MW160802.1	40	40	0
node_725	node_727	1	1	0
node_727	MW160760.1	33	33	0
node_724	node_728	17	17	0
node_728	node_729	5	5	0
node_729	KM517573.1	50	49	1
node_729	KX765906.1	22	22	0
node_728	node_730	8	9	-1
node_730	LC474537.1	44	43	1
node_733	MW160793.1	43	43	0
node_730	MW160806.1	617	66	551
node_731	node_732	0	0	0
node_732	node_733	8	8	0
node_723	node_731	4	4	0
node_733	MH760726.1	1165	292	873
node_732	node_734	0	0	0
node_734	MH760672.1	1171	297	874
node_734	MW160791.1	88	88	0
node_731	node_735	88	88	0
node_735	node_736	0	0	0
node_735	node_737	0	0	0
node_736	MW160798.1	39	39	0
node_736	MW160745.1	327	1	326
node_737	MW160790.1	1	1	0
node_737	MH760689.1	1264	389	875
node_738	node_739	0	0	0
node_739	node_740	322	93	229
node_722	node_738	851	205	646
node_740	node_741	0	0	0
node_741	MW160752.1	1147	272	875
node_741	MH760721.1	2	2	0
node_740	node_742	0	0	0
node_742	MH760695.1	8	8	0
node_742	MH760702.1	8	8	0
node_739	node_743	862	216	646
node_743	node_744	10	10	0
node_744	MN108241.1	192	192	0
node_744	LC385002.1	19	19	0
node_743	node_745	5	11	-6
node_745	MW160777.1	35	37	-2
node_745	MT040085.1	665	111	554
node_738	node_746	8	8	0
node_746	node_747	115	76	39
node_747	node_748	3	3	0
node_748	MN365429.1	335	9	326
node_748	MN365431.1	231	1	230
node_747	node_749	909	198	711
node_749	MN365547.1	18	18	0
node_749	MN365583.1	5	5	0
node_750	node_751	230	1	229
node_751	MH760722.1	92	92	0
node_746	node_750	2	2	0
node_752	MZ515843.1	966	320	646
node_751	MN365430.1	64	64	0
node_750	node_752	5	5	0
node_755	node_756	2	2	0
node_752	MH760670.1	415	91	324
node_756	node_757	44	44	0
node_503	node_753	31	31	0
node_754	node_755	0	0	0
node_757	node_758	30	30	0
node_759	MZ515578.1	0	0	0
node_753	node_754	1	1	0
node_761	node_762	0	0	0
node_759	node_760	0	0	0
node_760	MZ516082.1	4	4	0
node_758	node_761	0	0	0
node_760	MZ515603.1	3	3	0
node_758	node_759	21	21	0
node_762	LC385006.1	69	69	0
node_761	node_763	0	0	0
node_763	MN163124.1	143	143	0
node_762	MZ515831.1	29	29	0
node_763	MZ515869.1	90	90	0
node_764	node_765	5	5	0
node_765	node_767	0	0	0
node_766	MZ516141.1	0	0	0
node_757	node_764	56	56	0
node_767	MZ515952.1	753	753	0
node_767	MZ515892.1	3	3	0
node_768	node_769	1	1	0
node_765	node_766	0	0	0
node_764	node_768	0	0	0
node_768	node_770	156	156	0
node_769	MZ515587.1	13	13	0
node_766	MZ515996.1	15	15	0
node_770	MT040086.1	6	6	0
node_769	MZ516126.1	8	8	0
node_770	MT040087.1	24	24	0
node_756	node_771	9	9	0
node_771	node_772	24	24	0
node_772	node_773	78	78	0
node_773	node_774	7	7	0
node_774	MT040088.1	12	12	0
node_774	MT040084.1	7	7	0
node_773	node_775	1	1	0
node_775	MT040089.1	119	119	0
node_772	node_776	1161	283	878
node_776	node_777	0	0	0
node_777	MH760705.1	0	0	0
node_775	LC385004.1	418	92	326
node_777	LC385008.1	1177	299	878
node_778	MH760713.1	2	2	0
node_776	node_778	0	0	0
node_771	node_779	31	31	0
node_779	node_780	0	0	0
node_778	MH760717.1	1	1	0
node_781	MW160786.1	66	66	0
node_780	node_781	33	33	0
node_781	MW160817.1	36	36	0
node_782	MZ515725.1	307	307	0
node_779	node_783	556	0	556
node_780	node_782	77	77	0
node_783	node_784	24	24	0
node_782	MZ516104.1	5	5	0
node_784	MZ515836.1	63	63	0
node_784	MW587044.1	1384	417	967
node_785	MH760690.1	1147	271	876
node_783	node_785	7	7	0
node_785	MW160810.1	28	28	0
node_787	node_788	58	58	0
node_788	node_789	1161	285	876
node_786	node_787	21	21	0
node_789	MH760677.1	4	4	0
node_790	MH760682.1	3	3	0
node_790	MW160839.1	1458	257	1201
node_755	node_786	47	47	0
node_789	node_790	0	0	0
node_788	node_791	0	0	0
node_791	node_792	1	1	0
node_792	MZ516045.1	80	80	0
node_792	MK167041.1	122	122	0
node_787	node_794	75	75	0
node_793	MZ515868.1	48	48	0
node_794	node_795	5	5	0
node_791	node_793	91	91	0
node_793	MZ515754.1	1343	1331	12
node_796	MZ515611.1	7	7	0
node_795	node_797	0	0	0
node_798	node_799	0	0	0
node_796	MZ515552.1	422	422	0
node_795	node_796	0	0	0
node_794	node_798	1	1	0
node_799	MZ515644.1	363	300	63
node_797	MZ515565.1	1	1	0
node_798	node_800	1213	338	875
node_800	MH760699.1	1	1	0
node_799	MZ515991.1	7	7	0
node_797	MZ515982.1	4891	4201	690
node_800	MH760700.1	0	0	0
node_786	node_801	895	249	646
node_801	node_802	237	7	230
node_804	MH760698.1	3	3	0
node_803	node_805	0	0	0
node_802	node_803	2	2	0
node_803	node_804	0	0	0
node_804	MH760686.1	10	10	0
node_805	MH760693.1	347	9	338
node_802	node_806	0	0	0
node_805	MH760688.1	6	6	0
node_806	node_807	0	0	0
node_807	MH760716.1	4	4	0
node_807	MH760684.1	4	4	0
node_806	node_808	0	0	0
node_801	node_809	1	1	0
node_808	MH760712.1	566	10	556
node_808	MH760711.1	10	10	0
node_809	node_810	326	1	325
node_810	node_811	15	15	0
node_811	MH760704.1	0	0	0
node_811	MH760691.1	1	1	0
node_810	node_812	1	1	0
node_809	node_813	0	0	0
node_812	MH760723.1	23	23	0
node_812	MH760709.1	567	12	555
node_814	MH760710.1	327	1	326
node_814	MH760681.1	235	5	230
node_813	node_815	916	270	646
node_813	node_814	13	13	0
node_815	MW160831.1	11	10	1
node_815	MW160800.1	8	8	0
node_816	node_817	4	0	4
node_820	node_821	363	37	326
node_817	node_818	0	0	0
node_818	node_819	177	62	115
node_754	node_816	159	48	111
node_819	node_820	25	25	0
node_820	MW160784.1	19	19	0
node_821	MH760675.1	954	310	644
node_821	MZ515674.1	51	51	0
node_819	node_822	30	30	0
node_822	node_823	20	20	0
node_823	MW160835.1	0	0	0
node_822	node_824	1	1	0
node_824	MZ515554.1	78	78	0
node_823	MW160813.1	0	0	0
node_818	node_825	1	1	0
node_824	MW160829.1	34	34	0
node_825	node_826	0	0	0
node_826	node_827	4	4	0
node_826	node_828	2	2	0
node_827	MN365587.1	50	50	0
node_829	node_830	0	0	0
node_828	MN365359.1	5	5	0
node_825	node_829	10	10	0
node_828	MN365455.1	7	7	0
node_827	MG839547.1	362	132	230
node_830	MN365335.1	26	26	0
node_830	MN365489.1	1151	159	992
node_829	node_831	0	0	0
node_831	MN365363.1	25	25	0
node_831	MN365414.1	35	35	0
node_817	node_832	0	0	0
node_832	node_833	14	14	0
node_834	node_835	0	0	0
node_833	node_834	0	0	0
node_835	MN365320.1	352	26	326
node_834	node_836	0	0	0
node_835	MN365487.1	7	7	0
node_836	MN365589.1	32	32	0
node_837	node_838	4	4	0
node_836	MN365492.1	30	30	0
node_838	MN365561.1	2	2	0
node_833	node_837	0	0	0
node_838	MN365461.1	24	24	0
node_837	node_839	3	3	0
node_839	MN365387.1	345	20	325
node_832	node_840	3	3	0
node_839	MN365593.1	28	28	0
node_840	node_841	18	18	0
node_841	node_842	0	0	0
node_842	MN365557.1	6	6	0
node_842	MN365378.1	4	2	2
node_841	node_843	0	0	0
node_843	MN365383.1	35	35	0
node_843	MN365372.1	15	13	2
node_844	node_845	22	22	0
node_845	MN365379.1	343	16	327
node_845	MN365410.1	24	24	0
node_840	node_844	0	0	0
node_846	MN365532.1	9	9	0
node_844	node_846	0	0	0
node_847	node_848	168	0	168
node_816	node_847	0	0	0
node_846	MN365523.1	13	13	0
node_848	node_849	21	21	0
node_849	node_850	0	0	0
node_851	MN365531.1	22	22	0
node_850	node_851	0	0	0
node_851	MN365556.1	327	1	326
node_852	MN365409.1	1198	192	1006
node_850	node_852	25	25	0
node_852	MN365491.1	12	12	0
node_849	node_853	0	0	0
node_854	MN365533.1	1	1	0
node_853	node_854	24	24	0
node_855	MN365502.1	576	20	556
node_855	MN365344.1	6	6	0
node_854	MN365535.1	3	3	0
node_853	node_855	29	29	0
node_856	node_857	0	0	0
node_848	node_856	14	14	0
node_858	MN365501.1	49	49	0
node_857	node_859	0	0	0
node_858	MN365524.1	15	15	0
node_857	node_858	1	1	0
node_859	MN365526.1	51	51	0
node_859	MN365503.1	2	2	0
node_856	node_860	6	6	0
node_860	node_861	0	0	0
node_861	MN365522.1	2	2	0
node_861	MN365521.1	0	0	0
node_860	node_862	0	0	0
node_862	MN365490.1	4	4	0
node_847	node_863	0	0	0
node_862	MN365530.1	22	22	0
node_863	node_864	9	9	0
node_864	node_865	19	19	0
node_865	node_866	3	3	0
node_866	MN365519.1	0	0	0
node_866	MN365520.1	24	24	0
node_867	MN365598.1	8	8	0
node_865	node_867	21	21	0
node_869	MN365362.1	42	42	0
node_864	node_868	9	9	0
node_868	node_869	0	0	0
node_867	MN365361.1	6	6	0
node_868	node_870	0	0	0
node_869	MN365564.1	567	11	556
node_870	MN365466.1	14	14	0
node_863	node_871	0	0	0
node_870	MN365337.1	330	4	326
node_871	node_872	1	1	0
node_872	node_873	0	0	0
node_873	MN365440.1	10	10	0
node_873	MN365385.1	33	33	0
node_872	node_874	0	0	0
node_874	MN365488.1	14	14	0
node_871	node_875	10	10	0
node_874	MN365559.1	31	31	0
node_875	node_876	237	7	230
node_876	MN365445.1	964	72	892
node_876	MN365449.1	345	19	326
node_875	node_877	8	8	0
node_877	MN365447.1	31	31	0
node_877	MN365463.1	12	12	0
node_753	node_878	24	24	0
node_879	node_880	68	24	44
node_878	node_879	11	11	0
node_880	node_881	32	22	10
node_882	node_883	0	0	0
node_881	node_882	17	11	6
node_883	MN365446.1	2	2	0
node_883	node_884	10	10	0
node_884	MN365470.1	894	0	894
node_884	MN365464.1	29	29	0
node_882	node_885	0	0	0
node_885	node_886	0	0	0
node_886	MN365457.1	6	6	0
node_885	node_887	20	20	0
node_886	MN365462.1	329	4	325
node_887	MN365443.1	1074	258	816
node_881	node_888	7	7	0
node_888	node_889	165	1	164
node_887	MN365472.1	2	2	0
node_889	node_890	18	18	0
node_890	MN365517.1	1299	145	1154
node_889	node_891	0	0	0
node_891	MN365411.1	3	3	0
node_890	MN365417.1	33	33	0
node_891	MN365412.1	13	13	0
node_888	node_892	33	33	0
node_892	node_893	0	0	0
node_893	MN365584.1	3	3	0
node_892	node_894	1128	156	972
node_894	MN365408.1	50	48	2
node_894	MN365486.1	34	36	-2
node_893	MN365418.1	335	9	326
node_895	node_896	23	22	1
node_896	node_897	0	0	0
node_880	node_895	43	43	0
node_897	node_898	0	0	0
node_898	MK749892.1	26	26	0
node_898	MN365452.1	90	89	1
node_899	MK749872.1	18	18	0
node_897	node_899	1	1	0
node_900	node_901	14	14	0
node_899	MK749902.1	3	3	0
node_901	MK749871.1	3	3	0
node_901	MK749898.1	3	3	0
node_896	node_900	0	0	0
node_900	node_902	61	60	1
node_902	LC384999.1	2	2	0
node_902	LC385005.2	557	1	556
node_895	node_903	6	6	0
node_903	node_904	6	6	0
node_904	node_905	362	36	326
node_905	MW160811.1	7	7	0
node_904	node_906	1087	255	832
node_905	MW160816.1	3	3	0
node_906	MN167848.1	3	3	0
node_906	MK929516.1	0	0	0
node_903	node_907	23	23	0
node_908	MK749873.1	12	12	0
node_907	node_908	0	0	0
node_908	MK749881.1	9	9	0
node_907	node_909	9	9	0
node_909	MK749877.1	23	23	0
node_909	MK749891.1	6	6	0
node_910	node_911	937	291	646
node_911	node_912	1	1	0
node_879	node_910	0	0	0
node_912	node_913	893	247	646
node_913	MK749899.1	65	63	2
node_913	node_914	7	7	0
node_914	ON237091.1	327	1	326
node_914	ON237084.1	3	3	0
node_912	node_915	6	6	0
node_915	node_916	0	0	0
node_916	LC384997.1	932	286	646
node_916	MH760654.1	243	13	230
node_915	node_917	0	0	0
node_917	MH760725.1	236	6	230
node_918	node_919	6	6	0
node_919	node_920	2	2	0
node_911	node_918	248	18	230
node_917	MH760729.1	336	11	325
node_920	MH760715.1	0	0	0
node_920	MH760707.1	1	1	0
node_919	node_921	0	0	0
node_921	MH760703.1	2	2	0
node_921	KY249681.1	1496	294	1202
node_918	node_922	1	1	0
node_923	KY249683.1	1142	267	875
node_922	node_923	0	0	0
node_924	MH760706.1	13	13	0
node_923	MH760718.1	15	15	0
node_922	node_924	0	0	0
node_925	node_926	18	18	0
node_924	LC474545.1	1225	350	875
node_926	node_927	6	6	0
node_910	node_925	69	69	0
node_927	node_928	1	1	0
node_929	MZ515955.1	557	1	556
node_927	node_929	0	0	0
node_928	LC474550.1	496	174	322
node_929	MZ515995.1	1	1	0
node_928	MZ516050.1	46	46	0
node_926	node_930	0	0	0
node_931	MZ515743.1	3	3	0
node_930	node_931	2	0	2
node_931	MZ515787.1	185	178	7
node_930	node_932	4	4	0
node_932	MZ516094.1	11	11	0
node_932	MZ515598.1	1	1	0
node_933	node_934	15	15	0
node_925	node_933	1	1	0
node_934	node_935	10	10	0
node_935	MZ515710.1	30	30	0
node_934	node_936	0	0	0
node_935	MH760683.1	1186	311	875
node_936	MW160836.1	49	49	0
node_936	OM256493.1	34	34	0
node_933	node_937	30	30	0
node_937	node_938	0	0	0
node_938	OM256497.1	2	2	0
node_937	node_939	0	0	0
node_939	OM256496.1	1	1	0
node_938	OM256495.1	39	39	0
node_939	OM256494.1	41	41	0
node_941	node_942	0	0	0
node_878	node_940	57	57	0
node_940	node_941	0	0	0
node_942	node_943	0	0	0
node_943	node_944	30	30	0
node_944	MZ515769.1	38	37	1
node_944	node_945	154	154	0
node_945	MZ151850.1	8	8	0
node_945	MZ151856.1	6	6	0
node_943	node_946	15	15	0
node_946	node_947	0	0	0
node_947	MZ515807.1	27	27	0
node_946	node_948	1	1	0
node_947	MZ515979.1	602	47	555
node_948	MZ515846.1	4	4	0
node_949	node_950	2	2	0
node_948	MZ515775.1	329	3	326
node_942	node_949	1	1	0
node_950	node_951	1	1	0
node_950	node_952	1	1	0
node_951	MZ516062.1	1222	23	1199
node_951	MZ515605.1	32	34	-2
node_952	MZ515599.1	28	28	0
node_952	OM857372.1	95	95	0
node_949	node_953	77	77	0
node_954	OM857371.1	51	51	0
node_953	node_954	0	0	0
node_954	MW160823.1	19	19	0
node_953	node_955	1138	262	876
node_955	MH760708.1	14	14	0
node_955	MH760669.1	9	9	0
node_956	node_957	0	0	0
node_941	node_956	9	9	0
node_957	node_958	0	0	0
node_959	MZ516061.1	4	4	0
node_959	MZ515584.1	2	2	0
node_958	node_959	40	37	3
node_960	MZ515748.1	17	17	0
node_958	node_960	24	24	0
node_962	MZ516114.1	28	28	0
node_960	MZ515856.1	139	139	0
node_961	node_962	0	0	0
node_957	node_961	1	1	0
node_962	MW020595.1	71	71	0
node_961	node_963	349	23	326
node_963	MZ515990.1	7	7	0
node_963	MZ515799.1	0	0	0
node_956	node_964	2	2	0
node_964	node_965	4	4	0
node_965	node_966	7	7	0
node_966	MT373704.1	140	140	0
node_966	MZ516083.1	577	28	549
node_964	node_968	31	31	0
node_965	node_967	1	1	0
node_967	MZ515823.1	37	37	0
node_967	MZ515765.1	762	762	0
node_968	node_969	0	0	0
node_969	MZ515895.1	8	8	0
node_969	MZ515712.1	15	15	0
node_968	node_970	0	0	0
node_970	MZ515919.1	1144	1042	102
node_970	MZ515786.1	4	4	0
node_940	node_971	2	2	0
node_972	node_973	3	3	0
node_971	node_972	52	0	52
node_973	node_974	0	0	0
node_974	node_975	27	26	1
node_975	MZ515677.1	556	0	556
node_975	MZ515953.1	0	0	0
node_974	node_976	16	16	0
node_976	MZ515978.1	5	5	0
node_976	MZ515653.1	0	0	0
node_973	node_977	25	25	0
node_977	node_978	0	0	0
node_978	MZ515594.1	35	35	0
node_978	MZ515562.1	50	50	0
node_979	MW160815.1	363	40	323
node_977	node_979	14	14	0
node_972	node_980	8	8	0
node_981	node_982	25	4	21
node_980	node_981	230	0	230
node_979	MN108244.1	62	62	0
node_982	MZ516123.1	700	37	663
node_982	MZ516121.1	1071	478	593
node_981	node_983	0	0	0
node_980	node_984	19	19	0
node_983	MZ515707.1	250	20	230
node_983	MZ516056.1	347	21	326
node_984	node_985	326	0	326
node_985	MZ515557.1	239	9	230
node_985	MZ515844.1	0	0	0
node_984	node_986	0	0	0
node_986	MZ516101.1	0	0	0
node_987	node_988	2	2	0
node_986	MZ515691.1	0	0	0
node_971	node_987	76	2	74
node_988	node_989	442	116	326
node_989	node_990	23	23	0
node_990	MZ515671.1	447	121	326
node_990	MZ516021.1	126	123	3
node_989	node_991	21	21	0
node_991	MZ515977.1	115	115	0
node_988	node_992	128	128	0
node_992	node_993	8	8	0
node_991	MZ515697.1	4729	3915	814
node_992	node_994	0	0	0
node_993	OM256498.1	2	2	0
node_994	OM141142.1	53	53	0
node_994	MZ515759.1	155	155	0
node_993	OM256499.1	556	0	556
node_987	node_995	1	1	0
node_995	node_996	13	13	0
node_997	MZ515779.1	2	2	0
node_998	MZ515586.1	66	66	0
node_996	node_997	8	8	0
node_997	MZ515937.1	42	42	0
node_996	node_998	0	0	0
node_998	MZ515988.1	423	97	326
node_999	node_1000	137	137	0
node_995	node_999	2	2	0
node_1000	OM141139.1	1203	157	1046
node_1000	OM141140.1	2	2	0
node_999	node_1001	58	58	0
node_1001	MZ515665.1	0	0	0
node_1004	node_1005	432	218	214
node_1001	MZ516034.1	556	0	556
node_1002	node_1003	954	461	493
node_2	node_1002	1276	937	339
node_1005	node_1006	146	26	120
node_1003	node_1004	794	673	121
node_1006	node_1007	1055	31	1024
node_1007	node_1008	124	24	100
node_1008	node_1009	31	31	0
node_1009	node_1010	4	4	0
node_1011	MZ515730.1	0	0	0
node_1010	MZ515886.1	0	0	0
node_1010	node_1011	0	0	0
node_1011	MZ515683.1	1	1	0
node_1009	node_1012	9	9	0
node_1012	node_1013	265	265	0
node_1012	node_1014	0	0	0
node_1013	MZ515792.1	839	79	760
node_1014	MZ515808.1	225	225	0
node_1008	node_1015	0	0	0
node_1013	MZ516084.1	2240	2042	198
node_1014	MZ516089.1	837	13	824
node_1015	node_1016	17	17	0
node_1016	node_1017	0	0	0
node_1017	MZ515625.1	34	34	0
node_1017	MZ515694.1	18	18	0
node_1016	node_1018	0	0	0
node_1018	MZ516107.1	16	16	0
node_1018	MN306044.1	904	82	822
node_1015	node_1019	6	6	0
node_1019	node_1020	6	6	0
node_1020	LC474555.1	72	72	0
node_1019	node_1021	7	5	2
node_1020	MZ515615.1	2751	2565	186
node_1021	MN163126.1	34	34	0
node_1007	node_1022	2	2	0
node_1021	MN163125.1	42	42	0
node_1022	node_1023	0	0	0
node_1023	node_1024	60	60	0
node_1024	node_1025	0	0	0
node_1023	node_1027	21	21	0
node_1025	MZ515981.1	0	0	0
node_1026	MZ515716.1	6	6	0
node_1025	MZ515637.1	0	0	0
node_1024	node_1026	824	0	824
node_1026	MZ515757.1	44	44	0
node_1027	node_1028	14	14	0
node_1028	LC474552.1	20	20	0
node_1028	LC474554.1	18	18	0
node_1027	node_1029	8	8	0
node_1022	node_1030	20	20	0
node_1029	MZ516060.1	88	88	0
node_1029	MN108242.1	137	136	1
node_1030	node_1031	21	21	0
node_1031	node_1032	24	24	0
node_1032	MZ515663.1	1	1	0
node_1032	MZ515926.1	4	4	0
node_1033	MZ516016.1	42	42	0
node_1031	node_1033	0	0	0
node_1033	MW160832.1	97	97	0
node_1034	node_1036	52	55	-3
node_1030	node_1034	0	0	0
node_1034	node_1035	33	33	0
node_1036	MZ515809.1	27	27	0
node_1035	MW160780.1	20	20	0
node_1035	MW160812.1	22	22	0
node_1036	MZ515763.1	2162	2030	132
node_1006	node_1037	0	0	0
node_1037	node_1038	7	7	0
node_1038	node_1039	0	0	0
node_1040	MZ515627.1	0	0	0
node_1039	node_1040	41	41	0
node_1041	MZ515890.1	2	2	0
node_1040	node_1041	0	0	0
node_1041	MZ515561.1	6	6	0
node_1039	node_1042	0	0	0
node_1042	node_1043	25	25	0
node_1043	MZ515669.1	1	1	0
node_1042	node_1044	74	74	0
node_1043	MZ515698.1	0	0	0
node_1044	MW160838.1	827	3	824
node_1038	node_1045	0	0	0
node_1044	MW160837.1	6	6	0
node_1046	node_1047	10	10	0
node_1047	MW160814.1	1272	100	1172
node_1045	node_1046	65	65	0
node_1047	MW160826.1	0	0	0
node_1046	node_1048	2	2	0
node_1048	MW160818.1	11	11	0
node_1048	MZ515736.1	870	719	151
node_1045	node_1049	63	63	0
node_1049	node_1050	1	1	0
node_1050	MZ515839.1	911	92	819
node_1049	node_1051	0	0	0
node_1050	MZ515794.1	6	6	0
node_1052	node_1053	1	1	0
node_1051	MZ515595.1	828	5	823
node_1037	node_1052	1	1	0
node_1053	node_1054	57	57	0
node_1051	MZ515581.1	3	3	0
node_1054	node_1055	0	0	0
node_1055	MZ515946.1	5	5	0
node_1055	MT373703.1	151	151	0
node_1056	MZ515724.1	2	2	0
node_1054	node_1056	1	1	0
node_1056	MZ515950.1	49	49	0
node_1057	node_1058	40	40	0
node_1053	node_1057	119	119	0
node_1058	MK534511.1	0	0	0
node_1057	node_1059	29	28	1
node_1058	MK534512.1	0	0	0
node_1059	MK534510.1	0	0	0
node_1059	MK481079.1	0	0	0
node_1052	node_1060	4	4	0
node_1060	node_1061	14	14	0
node_1061	node_1062	8	8	0
node_1062	MZ515613.1	13	13	0
node_1062	MZ516095.1	840	17	823
node_1061	node_1063	26	26	0
node_1063	MZ516022.1	341	1	340
node_1063	MZ515761.1	1	1	0
node_1060	node_1064	3	3	0
node_1064	node_1065	4	4	0
node_1065	MZ515630.1	221	221	0
node_1064	node_1066	156	155	1
node_1065	MZ516113.1	64	64	0
node_1066	OM141143.1	7	7	0
node_1066	OM141141.1	4	4	0
node_1005	node_1067	37	37	0
node_1067	node_1068	43	1	42
node_1068	node_1069	0	0	0
node_1069	node_1070	23	23	0
node_1070	node_1071	46	46	0
node_1071	OM141138.1	119	118	1
node_1071	node_1072	4	4	0
node_1072	MZ515612.1	77	77	0
node_1070	node_1073	30	30	0
node_1072	MZ515673.1	2753	2419	334
node_1074	MZ515817.1	2	2	0
node_1073	node_1074	3	3	0
node_1074	MZ515713.1	121	121	0
node_1073	node_1075	1	1	0
node_1075	MZ515925.1	34	33	1
node_1069	node_1076	40	40	0
node_1076	node_1077	0	0	0
node_1075	MZ515704.1	46	46	0
node_1077	node_1078	0	0	0
node_1078	MZ515934.1	1	1	0
node_1078	MZ515857.1	0	0	0
node_1077	node_1079	0	0	0
node_1079	MZ515607.1	1	1	0
node_1079	MZ515753.1	2	2	0
node_1076	node_1080	0	0	0
node_1080	node_1081	0	0	0
node_1081	MZ515791.1	0	0	0
node_1081	MZ515622.1	67	67	0
node_1082	MZ516042.1	0	0	0
node_1082	MZ515635.1	1	1	0
node_1080	node_1082	0	0	0
node_1083	node_1084	0	0	0
node_1068	node_1083	1	1	0
node_1084	node_1085	5	5	0
node_1086	MZ515726.1	35	41	-6
node_1085	node_1087	0	0	0
node_1086	MZ515935.1	1432	1330	102
node_1085	node_1086	9	13	-4
node_1087	MZ516049.1	39	39	0
node_1087	MZ515708.1	542	542	0
node_1084	node_1088	2	2	0
node_1088	node_1089	26	26	0
node_1089	MZ515893.1	2249	1418	831
node_1089	MZ515974.1	1	1	0
node_1088	node_1090	1	1	0
node_1090	LC720430.1	40	40	0
node_1090	OM857375.1	81	79	2
node_1083	node_1091	0	0	0
node_1093	MZ151849.1	85	85	0
node_1093	OM857390.1	895	71	824
node_1092	node_1094	12	14	-2
node_1092	node_1093	10	10	0
node_1094	MZ151851.1	1100	276	824
node_1091	node_1092	46	46	0
node_1095	node_1096	10	10	0
node_1096	OM857377.1	3979	3979	0
node_1091	node_1095	7	7	0
node_1094	OM857368.1	46	46	0
node_1096	MZ515560.1	12	12	0
node_1095	node_1097	27	27	0
node_1097	MZ515827.1	0	0	0
node_1097	MZ515930.1	0	0	0
node_1067	node_1098	1	1	0
node_1098	node_1099	0	0	0
node_1099	node_1100	28	28	0
node_1100	node_1101	0	0	0
node_1101	node_1102	3	3	0
node_1102	MZ515684.1	839	15	824
node_1102	MZ515899.1	5	5	0
node_1101	node_1103	1	1	0
node_1103	MZ515972.1	1	1	0
node_1103	MZ515715.1	1	1	0
node_1100	node_1104	0	0	0
node_1104	node_1105	0	0	0
node_1105	MZ515776.1	2	2	0
node_1104	node_1106	0	0	0
node_1105	MZ515728.1	0	0	0
node_1106	MZ516140.1	3	3	0
node_1106	MZ516143.1	0	0	0
node_1099	node_1107	3	3	0
node_1107	node_1108	0	0	0
node_1108	node_1109	30	30	0
node_1109	MZ515863.1	2	2	0
node_1109	MZ515872.1	5	5	0
node_1108	node_1110	0	0	0
node_1110	MZ515590.1	36	36	0
node_1110	MZ515997.1	37	37	0
node_1107	node_1111	0	0	0
node_1111	node_1113	0	0	0
node_1111	node_1112	31	31	0
node_1112	LC495297.1	1136	261	875
node_1112	OM857380.1	66	66	0
node_1113	MZ515830.1	36	36	0
node_1098	node_1114	8	8	0
node_1114	node_1115	0	0	0
node_1113	MZ515903.1	41	41	0
node_1115	node_1116	6	6	0
node_1117	MZ515636.1	26	26	0
node_1116	node_1117	7	7	0
node_1116	node_1118	1	1	0
node_1117	OM857374.1	3958	3958	0
node_1118	MZ515656.1	20	20	0
node_1118	MT373705.1	136	136	0
node_1115	node_1119	0	0	0
node_1120	MZ515812.1	17	16	1
node_1120	MZ516065.1	19	19	0
node_1119	node_1120	0	0	0
node_1119	node_1121	6	6	0
node_1121	MZ515596.1	10	10	0
node_1122	node_1123	5	5	0
node_1121	MT107528.1	44	44	0
node_1114	node_1122	6	6	0
node_1123	node_1124	5	5	0
node_1124	MZ515767.1	0	0	0
node_1124	MZ516051.1	1172	0	1172
node_1125	MZ515762.1	2	2	0
node_1123	node_1125	0	0	0
node_1125	MZ515658.1	11	11	0
node_1122	node_1126	7	7	0
node_1126	node_1127	0	0	0
node_1127	MZ515845.1	4	4	0
node_1127	MZ515883.1	828	4	824
node_1128	MZ515820.1	36	36	0
node_1126	node_1128	0	0	0
node_1129	node_1130	83	75	8
node_1128	MZ515944.1	8	8	0
node_1130	node_1131	13	13	0
node_1004	node_1129	654	164	490
node_1131	node_1132	9	9	0
node_1132	node_1133	0	0	0
node_1133	node_1134	842	33	809
node_1134	node_1135	0	0	0
node_1134	MZ516037.1	0	0	0
node_1135	MZ515936.1	15	15	0
node_1136	node_1137	0	0	0
node_1135	MZ516125.1	1158	0	1158
node_1137	OM857384.1	12	12	0
node_1133	node_1136	95	95	0
node_1137	OM857373.1	97	97	0
node_1136	node_1138	10	10	0
node_1138	OM857382.1	4	4	0
node_1138	OM857383.1	8	8	0
node_1132	node_1139	0	0	0
node_1139	node_1140	113	113	0
node_1141	OM857386.1	814	4	810
node_1140	node_1141	0	0	0
node_1140	node_1142	0	0	0
node_1141	OM857388.1	64	64	0
node_1142	OM857387.1	18	18	0
node_1143	node_1144	3	3	0
node_1142	OM857385.1	5	5	0
node_1139	node_1143	33	33	0
node_1144	MZ515660.1	10	10	0
node_1144	OM857391.1	4760	3949	811
node_1143	node_1145	1	1	0
node_1145	MZ516059.1	825	19	806
node_1145	MZ515732.1	58	58	0
node_1146	node_1147	13	13	0
node_1131	node_1146	0	0	0
node_1147	node_1148	29	29	0
node_1148	node_1149	0	0	0
node_1149	MZ515871.1	68	72	-4
node_1149	MZ515657.1	363	352	11
node_1148	node_1150	1	1	0
node_1147	node_1151	0	0	0
node_1150	MZ516054.1	4	4	0
node_1150	MZ516013.1	2879	2800	79
node_1151	node_1152	1	1	0
node_1152	MZ515824.1	67	67	0
node_1152	MZ515837.1	40	40	0
node_1151	node_1153	39	39	0
node_1153	MZ516135.1	4	4	0
node_1153	MZ515947.1	1731	1714	17
node_1146	node_1154	24	24	0
node_1154	node_1155	5	5	0
node_1156	MZ515558.1	0	0	0
node_1155	node_1157	0	0	0
node_1156	MZ515813.1	1065	255	810
node_1157	MZ515639.1	812	2	810
node_1157	MZ516003.1	3	7	-4
node_1155	node_1156	0	0	0
node_1154	node_1158	2	2	0
node_1158	node_1159	1	1	0
node_1159	MZ515938.1	11	11	0
node_1159	OL321917.1	1342	530	812
node_1160	MZ515975.1	42	42	0
node_1158	node_1160	9	9	0
node_1160	MZ516102.1	31	31	0
node_1130	node_1161	10	0	10
node_1161	node_1162	56	56	0
node_1162	node_1163	356	12	344
node_1164	node_1165	36	36	0
node_1163	node_1164	486	2	484
node_1164	OM857381.1	36	36	0
node_1165	MZ515553.1	873	66	807
node_1163	node_1166	0	0	0
node_1166	node_1167	3568	3568	0
node_1165	OM857394.1	3945	3945	0
node_1166	node_1168	331	5	326
node_1167	OM857376.1	18	18	0
node_1167	OM857378.1	827	349	478
node_1168	OM857369.1	35	35	0
node_1168	MZ515738.1	124	124	0
node_1162	node_1169	32	32	0
node_1169	node_1170	2	2	0
node_1171	MZ515924.1	57	57	0
node_1170	node_1171	79	79	0
node_1171	MZ515764.1	56	56	0
node_1172	OM857397.1	1	1	0
node_1170	node_1172	78	78	0
node_1172	OM857395.1	4684	3874	810
node_1169	node_1173	88	88	0
node_1173	node_1174	0	0	0
node_1174	OM857396.1	167	167	0
node_1174	OK500263.1	22	22	0
node_1175	OK500264.1	22	22	0
node_1175	OK500261.1	858	49	809
node_1173	node_1175	0	0	0
node_1176	node_1177	33	33	0
node_1177	node_1178	0	0	0
node_1161	node_1176	23	23	0
node_1178	node_1179	67	67	0
node_1179	OK500262.1	987	220	767
node_1179	MZ515601.1	884	884	0
node_1178	node_1180	0	0	0
node_1180	MZ515667.1	0	0	0
node_1180	MZ515894.1	0	0	0
node_1177	node_1181	6	6	0
node_1181	node_1182	0	0	0
node_1182	MZ515917.1	816	6	810
node_1182	MZ515916.1	4	4	0
node_1181	node_1183	1511	1511	0
node_1183	MZ515589.1	1296	1204	92
node_1176	node_1184	0	0	0
node_1186	MZ515733.1	1766	1458	308
node_1185	node_1187	15	15	0
node_1185	node_1186	5	5	0
node_1184	node_1185	1	1	0
node_1186	MZ516116.1	840	33	807
node_1187	MZ515849.1	6	6	0
node_1183	MZ515838.1	3617	2714	903
node_1187	MZ515806.1	1602	1526	76
node_1184	node_1188	197	195	2
node_1188	node_1189	14	14	0
node_1189	MZ516136.1	495	495	0
node_1189	MZ515747.1	642	694	-52
node_1188	node_1190	285	307	-22
node_1190	MZ516079.1	188	189	-1
node_1129	node_1191	258	90	168
node_1191	node_1192	216	46	170
node_1190	MZ515774.1	5359	4186	1173
node_1192	node_1193	30	30	0
node_1193	node_1194	2	2	0
node_1194	node_1195	18	18	0
node_1195	MZ515778.1	0	0	0
node_1194	node_1197	0	0	0
node_1195	node_1196	0	0	0
node_1196	MZ516105.1	736	0	736
node_1196	MZ515900.1	431	431	0
node_1197	node_1198	23	21	2
node_1198	MZ515751.1	0	0	0
node_1198	MZ515727.1	820	84	736
node_1197	node_1199	17	17	0
node_1199	MZ515756.1	5	5	0
node_1199	MZ515855.1	1460	1460	0
node_1193	node_1200	1	1	0
node_1200	node_1201	12	12	0
node_1201	node_1202	12	12	0
node_1202	MN108243.1	223	222	1
node_1203	MZ515904.1	6	6	0
node_1201	node_1203	8	8	0
node_1202	MZ515783.1	4469	3599	870
node_1203	MZ516139.1	4	4	0
node_1200	node_1204	8	8	0
node_1204	node_1205	3	3	0
node_1192	node_1207	114	2	112
node_1205	MZ515719.1	29	28	1
node_1205	OM857392.1	61	61	0
node_1206	MZ515638.1	736	0	736
node_1206	MZ516122.1	0	0	0
node_1204	node_1206	42	42	0
node_1207	node_1208	5	5	0
node_1208	node_1209	1	1	0
node_1209	node_1211	8	8	0
node_1209	node_1210	42	42	0
node_1210	MZ516020.1	648	23	625
node_1210	MZ516030.1	13	13	0
node_1211	MZ515661.1	1981	1965	16
node_1208	node_1212	4	4	0
node_1211	OM857370.1	62	62	0
node_1212	node_1213	15	15	0
node_1213	MZ515771.1	651	25	626
node_1212	node_1214	348	0	348
node_1213	MZ516133.1	1884	1883	1
node_1214	MZ516098.1	48	48	0
node_1214	MZ516006.1	2001	1336	665
node_1216	node_1217	182	182	0
node_1207	node_1215	100	2	98
node_1217	MZ516109.1	412	412	0
node_1215	node_1216	284	284	0
node_1216	node_1218	1	1	0
node_1217	MZ515976.1	3149	2893	256
node_1218	LC324679.1	668	43	625
node_1215	node_1219	12	12	0
node_1218	MZ515829.1	1309	1300	9
node_1220	OM857389.1	47	47	0
node_1219	node_1220	33	33	0
node_1220	OM857393.1	56	56	0
node_1219	node_1221	108	107	1
node_1221	MZ515914.1	653	98	555
node_1191	node_1222	41	37	4
node_1222	node_1223	103	71	32
node_1223	node_1224	34	34	0
node_1221	MZ515721.1	4678	4206	472
node_1224	node_1225	38	38	0
node_1225	node_1226	0	0	0
node_1227	MZ515699.1	0	0	0
node_1227	MZ515664.1	936	26	910
node_1226	MZ515965.1	494	492	2
node_1224	node_1228	9	9	0
node_1225	node_1227	0	0	0
node_1226	MZ516081.1	974	68	906
node_1228	node_1229	29	29	0
node_1230	LR699744.1	16	16	0
node_1229	MZ516018.1	4306	3956	350
node_1228	node_1230	0	0	0
node_1223	node_1231	8	8	0
node_1230	MZ515670.1	1522	614	908
node_1231	node_1232	2	2	0
node_1229	MZ515678.1	0	0	0
node_1232	node_1233	41	41	0
node_1233	MZ515865.1	25	25	0
node_1233	MZ516064.1	414	414	0
node_1234	MZ515591.1	39	39	0
node_1232	node_1234	43	41	2
node_1231	node_1235	0	0	0
node_1235	node_1236	33	33	0
node_1234	MZ515610.1	4277	3983	294
node_1236	MZ515970.1	35	35	0
node_1236	MZ515832.1	1118	207	911
node_1237	MH760687.1	284	280	4
node_1235	node_1237	55	53	2
node_1237	LC474546.1	33	33	0
node_1222	node_1238	719	105	614
node_1238	node_1239	8	8	0
node_1239	node_1240	15	15	0
node_1240	node_1241	16	16	0
node_1241	MZ515574.1	74	74	0
node_1240	node_1242	610	252	358
node_1241	LC324678.1	291	291	0
node_1242	MZ515745.1	249	249	0
node_1239	node_1243	169	169	0
node_1242	MZ515742.1	1217	959	258
node_1243	node_1244	1	1	0
node_1244	LR699735.1	261	261	0
node_1245	MW160751.1	2	2	0
node_1244	KY674984.1	61	61	0
node_1243	node_1245	96	94	2
node_1245	MW160833.1	12	12	0
node_1238	node_1246	63	63	0
node_1246	node_1247	21	1	20
node_1247	node_1248	307	307	0
node_1248	MH760679.1	518	35	483
node_1248	MH760685.1	35	35	0
node_1247	node_1249	49	49	0
node_1249	MZ515785.1	4724	3393	1331
node_1249	MW160765.1	69	69	0
node_1246	node_1250	37	13	24
node_1250	node_1251	1	1	0
node_1251	MZ516041.1	143	143	0
node_1251	MN108245.1	303	303	0
node_1250	node_1252	725	241	484
node_1252	MN125665.1	56	56	0
node_1252	MN167846.1	26	26	0
node_1003	node_1253	714	379	335
node_1253	node_1254	7	7	0
node_1255	node_1256	202	159	43
node_1256	node_1257	2	2	0
node_1254	node_1255	119	1	118
node_1257	node_1258	119	19	100
node_1258	node_1259	16	16	0
node_1259	MN365525.1	4153	3753	400
node_1259	node_1260	0	0	0
node_1260	MW160834.1	104	104	0
node_1260	MN108246.1	264	264	0
node_1258	node_1261	61	61	0
node_1261	node_1262	0	0	0
node_1262	MZ515714.1	3415	3160	255
node_1263	MZ515793.1	46	46	0
node_1262	MZ515729.1	1006	48	958
node_1261	node_1263	0	0	0
node_1257	node_1264	10	10	0
node_1263	MZ516115.1	3031	2953	78
node_1265	node_1266	55	55	0
node_1264	node_1265	4	4	0
node_1266	MZ515770.1	22	22	0
node_1265	node_1267	68	68	0
node_1267	MN365456.1	6	6	0
node_1267	MN365388.1	649	42	607
node_1264	node_1268	392	380	12
node_1268	node_1269	792	183	609
node_1266	MZ515624.1	5368	4293	1075
node_1268	node_1270	1	1	0
node_1269	MZ515711.1	1974	1574	400
node_1269	MZ515798.1	1513	1451	62
node_1270	MZ515805.1	306	306	0
node_1256	node_1271	0	0	0
node_1271	node_1272	37	37	0
node_1270	MZ516119.1	4760	4098	662
node_1272	node_1273	7	7	0
node_1273	node_1274	18	18	0
node_1273	node_1275	34	34	0
node_1274	MZ515672.1	42	42	0
node_1274	MZ515563.1	429	429	0
node_1275	MZ515746.1	615	5	610
node_1272	node_1276	10	10	0
node_1275	MZ515932.1	1871	1850	21
node_1276	node_1277	1	1	0
node_1277	MZ515608.1	64	64	0
node_1277	MN365357.1	738	130	608
node_1278	LC699636.1	24	24	0
node_1271	node_1279	252	252	0
node_1276	node_1278	65	65	0
node_1278	LC699635.1	19	19	0
node_1279	node_1280	0	0	0
node_1280	node_1281	81	81	0
node_1281	KY924878.1	318	318	0
node_1281	MH760658.1	272	272	0
node_1280	node_1282	0	0	0
node_1279	node_1283	1	1	0
node_1283	node_1284	0	0	0
node_1282	MK109778.1	1	1	0
node_1284	KX655641.1	65	65	0
node_1282	MK109766.1	4	4	0
node_1284	MK109788.1	5	5	0
node_1285	KX655624.1	2	2	0
node_1283	node_1285	0	0	0
node_1286	node_1287	89	89	0
node_1285	MK109771.1	5	5	0
node_1255	node_1286	5	5	0
node_1287	node_1288	0	0	0
node_1289	node_1290	0	0	0
node_1289	KX655700.1	4	4	0
node_1290	KX655633.1	4	4	0
node_1288	node_1289	1	1	0
node_1290	MK109784.1	10	10	0
node_1288	node_1291	0	0	0
node_1291	node_1292	1	1	0
node_1292	KX655698.1	1004	46	958
node_1287	node_1294	0	0	0
node_1292	KX655693.1	6	6	0
node_1293	KX655642.1	65	64	1
node_1293	KX655683.1	4	4	0
node_1291	node_1293	1	1	0
node_1294	node_1295	1	1	0
node_1296	KX655645.1	6	6	0
node_1295	node_1296	0	0	0
node_1296	MK109780.1	1	1	0
node_1295	node_1297	1	1	0
node_1297	MK109768.1	965	8	957
node_1297	MK109783.1	44	44	0
node_1298	node_1299	0	0	0
node_1294	node_1298	80	79	1
node_1298	node_1300	610	0	610
node_1299	ON237086.1	2	2	0
node_1299	ON237105.1	1	1	0
node_1300	ON237094.1	0	0	0
node_1300	ON237097.1	5	5	0
node_1286	node_1301	223	223	0
node_1304	ON237096.1	32	32	0
node_1302	node_1303	263	263	0
node_1303	node_1305	0	0	0
node_1301	node_1302	1	1	0
node_1304	KU950488.1	613	4	609
node_1303	node_1304	2	2	0
node_1302	node_1306	25	25	0
node_1305	MK749883.1	108	107	1
node_1306	node_1307	3	3	0
node_1305	MW582529.1	58	58	0
node_1307	MH594440.1	2850	2240	610
node_1306	node_1308	8	8	0
node_1307	JX576735.1	275	275	0
node_1308	MH594400.1	610	0	610
node_1308	MH594437.1	3	3	0
node_1309	node_1310	1	1	0
node_1301	node_1309	8	8	0
node_1310	node_1311	1	1	0
node_1311	MH594439.1	69	69	0
node_1311	MH594399.1	24	24	0
node_1312	MH594436.1	649	40	609
node_1310	node_1312	0	0	0
node_1309	node_1313	1	1	0
node_1312	MH594390.1	26	26	0
node_1313	node_1314	0	0	0
node_1314	MH594396.1	1957	1347	610
node_1315	MH594394.1	20	20	0
node_1313	node_1315	0	0	0
node_1314	MH594391.1	24	24	0
node_1315	MH594395.1	24	24	0
node_1317	node_1318	238	238	0
node_1254	node_1316	131	1	130
node_1319	node_1320	1	1	0
node_1318	node_1319	0	0	0
node_1316	node_1317	1	1	0
node_1320	MH594393.1	2	2	0
node_1320	node_1321	0	0	0
node_1321	MH594397.1	626	17	609
node_1321	MH594425.1	47	47	0
node_1319	node_1322	28	28	0
node_1322	node_1323	0	0	0
node_1324	MH594426.1	0	0	0
node_1323	MH594428.1	0	0	0
node_1323	MH594427.1	0	0	0
node_1324	MH594401.1	3854	3755	99
node_1326	node_1327	174	174	0
node_1318	node_1325	958	1	957
node_1322	node_1324	0	0	0
node_1327	MH594377.1	2004	2004	0
node_1325	node_1326	38	38	0
node_1325	node_1329	10	10	0
node_1327	MH594398.1	174	174	0
node_1328	MH594392.1	42	42	0
node_1329	node_1330	306	306	0
node_1326	node_1328	0	0	0
node_1328	MH594441.1	615	6	609
node_1330	MH760657.1	744	396	348
node_1330	MH594438.1	1955	1955	0
node_1329	node_1331	80	18	62
node_1331	MH594442.1	1899	1899	0
node_1317	node_1332	4	4	0
node_1331	KU950461.1	294	294	0
node_1333	node_1334	44	44	0
node_1332	node_1333	11	11	0
node_1335	KU950558.1	4	4	0
node_1334	node_1335	0	0	0
node_1334	node_1336	0	0	0
node_1335	ON237087.1	30	30	0
node_1336	KY249668.1	76	76	0
node_1336	KU950621.1	65	65	0
node_1333	node_1337	12	12	0
node_1337	node_1338	0	0	0
node_1338	KY249669.1	700	92	608
node_1338	LC474530.1	7	7	0
node_1337	node_1339	0	0	0
node_1339	LC474529.1	7	7	0
node_1339	LC474527.1	6	6	0
node_1332	node_1340	1	1	0
node_1340	node_1341	56	56	0
node_1341	node_1342	1	1	0
node_1342	KX765963.1	30	30	0
node_1341	node_1343	22	22	0
node_1342	KX655655.1	29	29	0
node_1343	KX655674.1	656	47	609
node_1343	MK109767.1	22	22	0
node_1344	node_1345	0	0	0
node_1340	node_1344	4	4	0
node_1345	KX765945.1	22	22	0
node_1344	node_1346	612	3	609
node_1346	MF001046.1	133	133	0
node_1345	KU950669.1	64	64	0
node_1346	KY249672.1	97	97	0
node_1316	node_1347	1	1	0
node_1347	node_1348	18	18	0
node_1348	node_1349	50	50	0
node_1350	node_1351	1	1	0
node_1349	node_1350	39	39	0
node_1351	KX765964.1	2	2	0
node_1351	KX765889.1	0	0	0
node_1350	node_1352	1	1	0
node_1352	KX765976.1	3	3	0
node_1352	KX765952.1	17	17	0
node_1349	node_1353	1	1	0
node_1353	node_1355	68	68	0
node_1354	MF001055.1	10	10	0
node_1354	KU950633.1	40	40	0
node_1353	node_1354	21	21	0
node_1355	KY249671.1	111	111	0
node_1356	node_1357	19	19	0
node_1355	KU950542.1	52	52	0
node_1348	node_1356	30	30	0
node_1358	KU839633.1	38	38	0
node_1357	node_1358	2	2	0
node_1357	node_1359	1	1	0
node_1359	ON237098.1	7	7	0
node_1359	KU950588.1	1000	43	957
node_1358	KU950533.1	977	19	958
node_1356	node_1360	24	24	0
node_1360	node_1361	0	0	0
node_1361	KU950508.1	34	34	0
node_1361	KJ672476.1	59	59	0
node_1362	KU950571.1	962	4	958
node_1360	node_1362	0	0	0
node_1347	node_1363	12	12	0
node_1363	node_1364	11	11	0
node_1364	node_1365	28	28	0
node_1362	KU950586.1	2	2	0
node_1366	KU950547.1	6	6	0
node_1365	node_1367	22	22	0
node_1365	node_1366	20	20	0
node_1366	KU950548.1	4	4	0
node_1367	ON237095.1	21	21	0
node_1367	ON237111.1	26	26	0
node_1364	node_1368	36	36	0
node_1369	KY249675.1	615	5	610
node_1369	KY249676.1	8	8	0
node_1368	node_1369	31	31	0
node_1368	node_1370	11	11	0
node_1370	KY249680.1	624	19	605
node_1370	ON237106.1	97	97	0
node_1363	node_1371	41	41	0
node_1371	node_1372	1	1	0
node_1372	node_1373	67	67	0
node_1373	KY249663.1	659	57	602
node_1374	OK649731.1	1	1	0
node_1372	node_1374	21	20	1
node_1373	ON237108.1	87	87	0
node_1371	node_1375	2	2	0
node_1374	OK649734.1	1	1	0
node_1375	node_1376	12	12	0
node_1376	OK649729.1	615	6	609
node_1253	node_1378	60	60	0
node_1376	OK649738.1	13	13	0
node_1377	OK649723.1	16	16	0
node_1377	MG431251.1	17	17	0
node_1375	node_1377	6	6	0
node_1378	node_1379	114	0	114
node_1379	node_1380	77	77	0
node_1381	node_1382	21	21	0
node_1380	node_1381	7	7	0
node_1382	node_1383	7	7	0
node_1383	OK649710.1	9	9	0
node_1383	node_1384	0	0	0
node_1384	OK649712.1	8	8	0
node_1382	node_1385	13	13	0
node_1385	node_1386	0	0	0
node_1384	KF826858.1	39	39	0
node_1386	KY249679.1	81	81	0
node_1387	OK649727.1	7	7	0
node_1386	OK649730.1	15	15	0
node_1385	node_1387	0	0	0
node_1387	OK649733.1	965	11	954
node_1388	node_1389	0	0	0
node_1381	node_1388	4	4	0
node_1389	node_1390	2	2	0
node_1390	KX655684.1	98	98	0
node_1390	OK649724.1	1004	49	955
node_1389	node_1391	1	1	0
node_1391	MK109779.1	1055	100	955
node_1391	JX576741.1	62	62	0
node_1388	node_1392	6	6	0
node_1392	node_1393	0	0	0
node_1393	OK649701.1	37	37	0
node_1392	node_1394	0	0	0
node_1393	KX765890.1	109	109	0
node_1394	KX765922.1	108	108	0
node_1380	node_1395	0	0	0
node_1394	JX576733.1	1046	95	951
node_1395	node_1396	97	97	0
node_1397	node_1398	91	91	0
node_1399	KJ627262.1	1	1	0
node_1396	node_1397	0	0	0
node_1398	JX576737.1	1024	68	956
node_1400	node_1401	0	0	0
node_1398	MF185753.1	191	191	0
node_1399	KJ627342.1	958	0	958
node_1396	node_1400	0	0	0
node_1397	node_1399	32	32	0
node_1401	KJ627340.1	21	21	0
node_1401	KX765927.1	14	14	0
node_1402	KX765903.1	16	16	0
node_1400	node_1402	0	0	0
node_1403	node_1404	30	30	0
node_1402	KX655649.1	188	187	1
node_1404	node_1405	3	3	0
node_1395	node_1403	142	36	106
node_1405	KX655629.1	28	27	1
node_1405	KU950584.1	988	32	956
node_1404	node_1406	49	49	0
node_1406	KJ939928.1	72	72	0
node_1403	node_1407	0	0	0
node_1407	node_1408	60	60	0
node_1407	node_1409	46	46	0
node_1408	KX765949.1	41	41	0
node_1408	MH760656.1	232	232	0
node_1406	KR350475.1	1019	64	955
node_1409	JX576738.1	36	36	0
node_1409	JX576745.1	647	40	607
node_1410	node_1411	0	0	0
node_1379	node_1410	1	1	0
node_1411	node_1412	0	0	0
node_1412	node_1413	141	141	0
node_1413	KX765930.1	23	23	0
node_1414	LC474528.1	104	104	0
node_1414	KX765968.1	6	6	0
node_1413	node_1414	1	1	0
node_1412	node_1415	6	6	0
node_1415	node_1416	0	0	0
node_1416	KU950659.1	1	1	0
node_1416	KU950678.1	0	0	0
node_1415	node_1417	958	0	958
node_1417	KU950512.1	4	4	0
node_1417	KU950462.1	3	3	0
node_1418	node_1419	0	0	0
node_1411	node_1418	1	1	0
node_1420	KU950593.1	5	5	0
node_1419	node_1420	0	0	0
node_1420	KU950690.1	22	22	0
node_1419	node_1421	0	0	0
node_1421	KU950495.1	2	2	0
node_1421	KU950515.1	9	9	0
node_1418	node_1422	0	0	0
node_1422	node_1423	4	4	0
node_1423	KU950580.1	2	2	0
node_1423	KU950582.1	4	4	0
node_1422	node_1424	0	0	0
node_1424	KU839623.1	59	59	0
node_1424	KU950534.1	5	5	0
node_1425	node_1426	3	1	2
node_1410	node_1425	0	0	0
node_1426	node_1427	2	2	0
node_1428	KU950481.1	3	3	0
node_1428	KU950471.1	615	5	610
node_1427	node_1428	0	0	0
node_1429	KU950532.1	8	8	0
node_1427	node_1429	0	0	0
node_1429	KU950684.1	4	4	0
node_1426	node_1430	0	0	0
node_1430	node_1431	2	2	0
node_1431	KU950463.1	960	2	958
node_1431	KU839629.1	58	58	0
node_1430	node_1432	2	2	0
node_1432	KU950476.1	7	7	0
node_1425	node_1433	41	1	40
node_1433	node_1434	0	0	0
node_1435	KU950525.1	2	2	0
node_1436	KU950681.1	4	4	0
node_1434	node_1436	0	0	0
node_1434	node_1435	1	1	0
node_1436	KU950466.1	4	4	0
node_1433	node_1437	0	0	0
node_1438	KU950516.1	0	0	0
node_1437	node_1438	0	0	0
node_1438	KU950482.1	4	4	0
node_1437	node_1439	1	1	0
node_1432	KU950640.1	7964	3840	4124
node_1439	KU950675.1	9	9	0
node_1378	node_1440	0	0	0
node_1435	KU950490.1	7948	3802	4146
node_1439	KU839635.1	59	59	0
node_1440	node_1441	0	0	0
node_1441	node_1442	57	57	0
node_1442	node_1443	1	1	0
node_1443	node_1444	0	0	0
node_1444	KU950577.1	611	1	610
node_1444	node_1445	4	4	0
node_1445	KU950504.1	56	56	0
node_1445	KU950695.1	0	0	0
node_1446	node_1447	0	0	0
node_1443	node_1446	0	0	0
node_1447	KU950559.1	3	3	0
node_1447	KU950687.1	5	5	0
node_1446	node_1448	0	0	0
node_1448	KU839634.1	1	1	0
node_1449	node_1450	11	11	0
node_1442	node_1449	0	0	0
node_1448	KU839640.1	3	3	0
node_1450	node_1451	0	0	0
node_1450	node_1452	0	0	0
node_1451	KU839628.1	15	15	0
node_1451	KU950691.1	48	48	0
node_1452	KU950553.1	54	54	0
node_1452	KU950605.1	72	72	0
node_1449	node_1453	0	0	0
node_1453	node_1454	0	0	0
node_1454	KU950589.1	3	3	0
node_1454	KU950565.1	4	4	0
node_1453	node_1455	0	0	0
node_1455	KU950656.1	76	76	0
node_1455	KU950676.1	6	6	0
node_1456	node_1457	0	0	0
node_1457	node_1458	4	4	0
node_1441	node_1456	0	0	0
node_1459	KU950568.1	4	4	0
node_1458	node_1459	7	7	0
node_1459	KU839627.1	1014	56	958
node_1458	node_1460	0	0	0
node_1460	KU950517.1	10	10	0
node_1460	KU950591.1	966	8	958
node_1457	node_1461	3	3	0
node_1461	node_1462	1	1	0
node_1462	KU950689.1	19	19	0
node_1462	KU950497.1	7	7	0
node_1461	node_1463	0	0	0
node_1463	KU950526.1	9	9	0
node_1463	KU950478.1	3	3	0
node_1456	node_1464	0	0	0
node_1465	node_1466	1	1	0
node_1464	node_1465	3	3	0
node_1466	KU950622.1	3	3	0
node_1465	node_1467	0	0	0
node_1466	KU950606.1	969	12	957
node_1467	KU950539.1	619	11	608
node_1468	node_1469	1	1	0
node_1467	KU950543.1	65	65	0
node_1464	node_1468	16	16	0
node_1468	node_1470	0	0	0
node_1440	node_1471	0	0	0
node_1470	KU950648.1	992	34	958
node_1469	KU950679.1	21	21	0
node_1470	KU950514.1	13	13	0
node_1471	node_1472	0	0	0
node_1469	KU950551.1	7989	3843	4146
node_1472	node_1473	0	0	0
node_1473	node_1474	4	4	0
node_1474	node_1475	0	0	0
node_1474	node_1476	2	2	0
node_1475	KU950503.1	2	2	0
node_1475	KU950562.1	5	5	0
node_1476	KU950630.1	2	2	0
node_1476	KU950668.1	613	3	610
node_1473	node_1477	56	56	0
node_1477	node_1478	5	5	0
node_1478	KU839632.1	0	0	0
node_1478	KU950510.1	56	56	0
node_1472	node_1480	0	0	0
node_1479	KU950665.1	620	11	609
node_1477	node_1479	1	1	0
node_1479	KU839641.1	6	6	0
node_1480	node_1481	0	0	0
node_1481	node_1482	1	1	0
node_1482	KU950465.1	7	7	0
node_1481	node_1483	0	0	0
node_1482	KU950697.1	155	155	0
node_1483	KU950672.1	616	6	610
node_1483	KU839638.1	61	61	0
node_1480	node_1484	4	4	0
node_1484	node_1485	0	0	0
node_1485	KU950663.1	5	5	0
node_1484	node_1486	0	0	0
node_1485	KU950599.1	1019	61	958
node_1486	KU950601.1	44	44	0
node_1486	KU950535.1	622	12	610
node_1487	node_1488	0	0	0
node_1471	node_1487	30	30	0
node_1488	node_1489	32	32	0
node_1489	node_1490	7	7	0
node_1491	ON237100.1	93	93	0
node_1489	node_1491	0	0	0
node_1491	KU950555.1	14	14	0
node_1490	KU950688.1	0	0	0
node_1490	KX894801.1	1231	1045	186
node_1488	node_1492	57	57	0
node_1492	node_1493	1	1	0
node_1493	ON237088.1	3	3	0
node_1494	ON237090.1	610	0	610
node_1493	ON237103.1	1	1	0
node_1492	node_1494	2	2	0
node_1494	ON237092.1	1	1	0
node_1487	node_1495	5	5	0
node_1495	node_1496	10	10	0
node_1496	node_1497	0	0	0
node_1497	ON237085.1	71	71	0
node_1497	LC474560.1	28	27	1
node_1496	node_1498	0	0	0
node_1498	LC474559.1	32	31	1
node_1498	KU950618.1	11	11	0
node_1495	node_1499	52	52	0
node_1499	node_1500	0	0	0
node_1500	ON237109.1	4	4	0
node_1500	KY249658.1	690	80	610
node_1499	node_1501	4	4	0
node_1501	ON237107.1	971	13	958
node_1501	ON237112.1	3	3	0
node_1002	node_1502	670	622	48
node_1502	node_1503	779	207	572
node_1504	node_1505	212	55	157
node_1507	node_1508	1	1	0
node_1506	node_1507	55	55	0
node_1503	node_1504	193	2	191
node_1509	ON237093.1	44	44	0
node_1508	node_1511	0	0	0
node_1505	node_1506	52	52	0
node_1508	node_1509	10	10	0
node_1511	node_1512	0	0	0
node_1513	KU950578.1	4	4	0
node_1510	JX576734.1	65	65	0
node_1513	KU950496.1	5	5	0
node_1509	node_1510	1	1	0
node_1511	node_1513	36	36	0
node_1512	KX655654.1	45	45	0
node_1514	node_1515	0	0	0
node_1507	node_1514	33	33	0
node_1515	node_1516	2	2	0
node_1512	JX576736.1	62	62	0
node_1510	KU950600.1	8524	3942	4582
node_1516	KU950477.1	10	10	0
node_1517	KU950494.1	59	59	0
node_1516	KU950552.1	61	61	0
node_1515	node_1517	6	6	0
node_1519	KU950613.1	697	7	690
node_1517	KU950530.1	6	6	0
node_1514	node_1518	0	0	0
node_1518	node_1520	38	37	1
node_1518	node_1519	1	1	0
node_1520	ON237102.1	0	0	0
node_1519	OK649755.1	46	46	0
node_1520	ON237104.1	1	1	0
node_1523	node_1524	4	4	0
node_1521	node_1522	229	229	0
node_1524	MK109764.1	235	235	0
node_1523	node_1525	0	0	0
node_1506	node_1521	0	0	0
node_1522	node_1523	79	79	0
node_1524	MN167850.1	480	81	399
node_1525	KX655660.1	609	211	398
node_1525	MT040080.1	5884	5363	521
node_1522	node_1526	2269	2208	61
node_1526	node_1527	217	217	0
node_1527	MT040083.1	1103	863	240
node_1526	node_1528	710	287	423
node_1527	MT040078.1	779	1486	-707
node_1530	node_1531	86	86	0
node_1521	node_1529	6	6	0
node_1531	MT040081.1	48	48	0
node_1532	KX655661.1	490	89	401
node_1533	node_1534	26	26	0
node_1529	node_1530	126	54	72
node_1530	node_1532	41	41	0
node_1529	node_1533	129	107	22
node_1528	MT040079.1	1211	2490	-1279
node_1532	MK749900.1	50	50	0
node_1528	MT040082.1	826	1040	-214
node_1534	MH760652.1	774	375	399
node_1531	MT040077.1	3885	3183	702
node_1534	KY883571.2	77	77	0
node_1533	node_1535	114	113	1
node_1535	KJ939923.1	16	16	0
node_1535	KJ939925.1	408	6	402
node_1505	node_1536	412	10	402
node_1536	node_1537	26	27	-1
node_1537	node_1538	576	174	402
node_1539	KJ939921.1	8	8	0
node_1538	node_1539	5	5	0
node_1539	node_1540	3	3	0
node_1540	KJ939924.1	29	29	0
node_1538	node_1541	3	3	0
node_1540	KJ939934.1	26	26	0
node_1541	node_1542	0	0	0
node_1537	node_1544	92	92	0
node_1542	KJ939927.1	21	21	0
node_1542	KJ939931.1	30	30	0
node_1541	node_1543	14	13	1
node_1543	KJ939932.1	437	35	402
node_1543	MH760655.1	449	426	23
node_1544	node_1545	262	262	0
node_1545	node_1546	345	345	0
node_1546	KF530265.1	1204	705	499
node_1546	KX655701.1	3426	3426	0
node_1545	node_1547	0	0	0
node_1547	KX765978.1	218	218	0
node_1544	node_1548	220	220	0
node_1547	KP317928.1	244	244	0
node_1548	node_1549	38	38	0
node_1549	MN365338.1	2	2	0
node_1548	node_1550	23	23	0
node_1549	MN365364.1	506	108	398
node_1550	MN365368.1	600	198	402
node_1550	MN365370.1	5	5	0
node_1551	node_1552	41	41	0
node_1552	node_1553	2	2	0
node_1536	node_1551	267	267	0
node_1553	node_1554	193	193	0
node_1554	MN365540.1	26	26	0
node_1553	node_1555	67	67	0
node_1554	MN365541.1	405	3	402
node_1555	MN365543.1	11	11	0
node_1552	node_1556	3	3	0
node_1555	MN365367.1	408	6	402
node_1557	MN365366.1	1	1	0
node_1556	node_1557	48	48	0
node_1556	node_1558	4	4	0
node_1557	MN365365.1	592	190	402
node_1558	MN365302.1	21	21	0
node_1558	MN365554.1	96	96	0
node_1551	node_1559	51	51	0
node_1559	node_1560	0	0	0
node_1560	node_1561	7	7	0
node_1560	node_1562	0	0	0
node_1561	MH685715.1	779	380	399
node_1562	MN365573.1	640	238	402
node_1562	MN365481.1	77	77	0
node_1563	node_1564	3	3	0
node_1561	MN365480.1	1	1	0
node_1559	node_1563	2	2	0
node_1564	MN365421.1	12	12	0
node_1564	MN365342.1	633	231	402
node_1565	MH594363.1	2622	2622	0
node_1565	MH594383.1	1	1	0
node_1504	node_1566	305	289	16
node_1566	node_1567	93	1	92
node_1563	node_1565	231	230	1
node_1567	node_1568	29	12	17
node_1569	node_1570	2	2	0
node_1570	MH594389.1	1	1	0
node_1570	node_1571	0	0	0
node_1568	node_1569	1	1	0
node_1571	MH594362.1	17	17	0
node_1569	node_1572	1	1	0
node_1571	MH594382.1	0	0	0
node_1572	node_1574	0	0	0
node_1572	node_1573	0	0	0
node_1573	MH594371.1	5	5	0
node_1574	MH594376.1	0	0	0
node_1573	MH594379.1	69	69	0
node_1574	MH594378.1	0	0	0
node_1568	node_1575	0	0	0
node_1577	MH594373.1	2	2	0
node_1577	MH594388.1	124	124	0
node_1576	node_1577	0	0	0
node_1576	node_1578	713	713	0
node_1575	node_1576	104	0	104
node_1578	MH594384.1	3868	3868	0
node_1578	MH594372.1	153	153	0
node_1575	node_1579	0	0	0
node_1579	node_1580	0	0	0
node_1580	MH594385.1	560	158	402
node_1580	MH594387.1	2	2	0
node_1579	node_1581	1	1	0
node_1581	MH594405.1	2833	2485	348
node_1567	node_1582	23	3	20
node_1582	node_1583	0	0	0
node_1583	node_1584	18	17	1
node_1585	MH594375.1	98	98	0
node_1581	MH594374.1	1	1	0
node_1584	node_1585	446	98	348
node_1585	MH594366.1	341	341	0
node_1584	node_1586	0	0	0
node_1586	MH594365.1	2	2	0
node_1588	MH594422.1	6	6	0
node_1587	node_1588	24	24	0
node_1583	node_1587	0	0	0
node_1586	MH594423.1	52	51	1
node_1588	MH594421.1	0	0	0
node_1587	node_1589	1	1	0
node_1589	MH594417.1	0	0	0
node_1589	MH594415.1	34	34	0
node_1582	node_1590	1	1	0
node_1590	node_1591	2	2	0
node_1592	MH594416.1	33	33	0
node_1591	node_1593	0	0	0
node_1591	node_1592	1	1	0
node_1592	MH594404.1	6	6	0
node_1593	MH594418.1	19	19	0
node_1593	MH594414.1	1	1	0
node_1590	node_1594	0	0	0
node_1594	node_1595	0	0	0
node_1595	MH594412.1	0	0	0
node_1595	MH594411.1	0	0	0
node_1594	node_1596	0	0	0
node_1596	MH594419.1	0	0	0
node_1566	node_1597	0	0	0
node_1596	MH594410.1	42	42	0
node_1597	node_1598	0	0	0
node_1598	node_1599	2	2	0
node_1599	node_1600	123	1	122
node_1601	MH594408.1	0	0	0
node_1600	node_1601	3	3	0
node_1601	MH594424.1	1228	1225	3
node_1603	node_1604	37	37	0
node_1604	MH594403.1	650	328	322
node_1600	node_1602	0	0	0
node_1602	MH594402.1	21	21	0
node_1599	node_1603	42	42	0
node_1604	MH594420.1	3	3	0
node_1602	MH594435.1	3	3	0
node_1603	node_1605	0	0	0
node_1606	node_1607	240	240	0
node_1605	MH594409.1	4	4	0
node_1605	MH594407.1	328	328	0
node_1598	node_1606	0	0	0
node_1607	node_1608	76	76	0
node_1608	MH594413.1	241	241	0
node_1607	node_1609	27	27	0
node_1608	KP317952.1	177	177	0
node_1609	KP317927.1	2	2	0
node_1609	KP317945.1	3	3	0
node_1606	node_1610	16	15	1
node_1610	node_1611	348	0	348
node_1611	MH594361.1	2641	2542	99
node_1611	MH594380.1	1486	1486	0
node_1597	node_1613	324	324	0
node_1613	node_1614	0	0	0
node_1610	node_1612	0	0	0
node_1614	node_1615	5	5	0
node_1612	MH594386.1	2	2	0
node_1612	MH594381.1	1	1	0
node_1615	node_1616	421	100	321
node_1616	KP317946.1	566	279	287
node_1616	KP317934.1	460	58	402
node_1615	node_1617	14	14	0
node_1617	KF826851.1	54	54	0
node_1617	KJ627364.1	92	92	0
node_1614	node_1618	46	46	0
node_1618	node_1619	24	24	0
node_1619	KF826857.1	39	39	0
node_1619	KF826835.1	10	10	0
node_1620	KF826834.1	9	9	0
node_1618	node_1620	5	5	0
node_1620	KJ627348.1	86	86	0
node_1613	node_1621	41	41	0
node_1621	node_1622	23	23	0
node_1622	node_1623	22	22	0
node_1623	JX576740.1	2	2	0
node_1624	OK649694.1	18	18	0
node_1622	node_1624	14	14	0
node_1623	JX576743.1	5	5	0
node_1624	OK649714.1	13	13	0
node_1621	node_1625	15	15	0
node_1625	node_1626	16	16	0
node_1626	JX576748.1	12	12	0
node_1626	JX576744.1	17	17	0
node_1625	node_1627	16	16	0
node_1627	OK649719.1	29	29	0
node_1627	KJ627254.1	145	145	0
node_1628	node_1629	33	33	0
node_1629	node_1630	573	7	566
node_1503	node_1628	5	1	4
node_1630	node_1631	77	77	0
node_1632	node_1633	47	47	0
node_1633	KJ627331.1	188	188	0
node_1633	node_1634	0	0	0
node_1631	node_1632	2	2	0
node_1634	KJ627251.1	39	39	0
node_1632	node_1635	23	23	0
node_1635	node_1636	37	37	0
node_1634	LC474522.1	159	159	0
node_1636	KJ627278.1	2	2	0
node_1636	KJ627341.1	722	14	708
node_1635	node_1637	2	2	0
node_1637	KJ627317.1	73	73	0
node_1637	KJ627330.1	768	24	744
node_1631	node_1638	9	9	0
node_1638	node_1639	37	37	0
node_1640	KJ627280.1	14	14	0
node_1640	KJ627310.1	713	6	707
node_1639	node_1640	1	1	0
node_1639	node_1641	1	1	0
node_1641	KJ627249.1	1099	376	723
node_1641	KJ627299.1	30	30	0
node_1638	node_1642	134	134	0
node_1643	OK649725.1	17	17	0
node_1643	OK649709.1	21	21	0
node_1642	node_1643	0	0	0
node_1642	node_1644	8	8	0
node_1644	OK649713.1	15	15	0
node_1644	KF826842.1	48	48	0
node_1630	node_1645	29	29	0
node_1645	node_1646	10	10	0
node_1646	node_1647	0	0	0
node_1647	node_1648	53	53	0
node_1648	OK649686.1	48	48	0
node_1647	node_1649	3	3	0
node_1649	OK649708.1	8	8	0
node_1649	OK649697.1	9	9	0
node_1648	OK649698.1	39	39	0
node_1650	node_1651	0	0	0
node_1646	node_1650	2	2	0
node_1651	OK649693.1	5	5	0
node_1651	OK649691.1	64	64	0
node_1650	node_1652	0	0	0
node_1652	OK649737.1	23	23	0
node_1645	node_1653	1	1	0
node_1652	OK649704.1	6	6	0
node_1653	node_1654	4	4	0
node_1654	node_1655	0	0	0
node_1655	OK649728.1	31	31	0
node_1654	node_1656	0	0	0
node_1655	OK649726.1	20	20	0
node_1656	OK649690.1	12	12	0
node_1656	OK649705.1	29	29	0
node_1657	node_1658	0	0	0
node_1658	OK649687.1	38	38	0
node_1658	OK649689.1	54	54	0
node_1657	node_1659	2	2	0
node_1653	node_1657	32	32	0
node_1659	KF530259.1	80	80	0
node_1659	OK649685.1	33	33	0
node_1629	node_1660	0	0	0
node_1660	node_1661	28	28	0
node_1661	node_1662	3	3	0
node_1662	node_1663	13	13	0
node_1663	JX576759.1	9	9	0
node_1663	node_1664	1	1	0
node_1662	node_1665	8	7	1
node_1664	KF640637.1	39	34	5
node_1664	JX576755.1	34	34	0
node_1665	node_1666	1	1	0
node_1666	JX576757.1	12	12	0
node_1666	KP317954.1	288	288	0
node_1665	node_1667	2	2	0
node_1667	KP317925.1	367	237	130
node_1661	node_1668	0	0	0
node_1667	JX576750.1	57	57	0
node_1670	JX576752.1	36	35	1
node_1669	node_1670	0	0	0
node_1668	node_1669	0	0	0
node_1671	JX576754.1	43	43	0
node_1670	JX576756.1	38	38	0
node_1669	node_1671	6	6	0
node_1671	KF826818.1	3494	2242	1252
node_1668	node_1672	21	21	0
node_1672	node_1673	12	12	0
node_1673	JX576751.1	8	8	0
node_1673	JX576753.1	713	5	708
node_1674	OK649700.1	83	83	0
node_1672	node_1674	9	9	0
node_1660	node_1675	1	1	0
node_1674	KF826822.1	41	41	0
node_1675	node_1676	0	0	0
node_1677	node_1678	0	0	0
node_1676	node_1677	51	51	0
node_1678	JX576732.1	120	120	0
node_1678	OK649743.1	8	8	0
node_1677	node_1679	4	2	2
node_1679	OK649742.1	6	6	0
node_1679	OK649744.1	2	2	0
node_1676	node_1680	3	3	0
node_1680	node_1681	0	0	0
node_1681	KP317917.1	79	79	0
node_1681	OK649741.1	51	49	2
node_1680	node_1682	0	0	0
node_1682	JX576749.1	83	83	0
node_1683	node_1684	0	0	0
node_1682	KU950574.1	57	56	1
node_1684	node_1685	109	108	1
node_1675	node_1683	54	54	0
node_1685	KU950614.1	3	3	0
node_1685	KU950457.1	4	4	0
node_1684	node_1686	2	2	0
node_1686	OK649703.1	10	10	0
node_1686	OK649695.1	5	5	0
node_1683	node_1687	8	8	0
node_1687	node_1688	0	0	0
node_1688	OK649696.1	7	7	0
node_1687	node_1689	0	0	0
node_1628	node_1690	0	0	0
node_1688	OK649716.1	7	7	0
node_1689	OK649715.1	721	13	708
node_1689	OK649717.1	3	3	0
node_1692	node_1693	18	18	0
node_1690	node_1691	1	1	0
node_1691	node_1692	974	77	897
node_1695	OK649720.1	2	2	0
node_1694	node_1695	3	3	0
node_1693	node_1694	21	21	0
node_1694	OK649718.1	4	4	0
node_1695	KF826859.1	49	49	0
node_1693	node_1696	28	28	0
node_1696	node_1697	10	10	0
node_1697	JX576730.1	68	68	0
node_1696	node_1698	37	37	0
node_1697	KF826860.1	9	9	0
node_1698	KF826820.1	963	561	402
node_1699	node_1700	0	0	0
node_1700	node_1701	909	159	750
node_1701	KF530262.1	40	40	0
node_1692	node_1699	8	8	0
node_1701	KF530266.1	10	10	0
node_1698	KF826819.1	1308	923	385
node_1700	node_1702	32	32	0
node_1702	JX576746.1	8	8	0
node_1702	JX576729.1	8	8	0
node_1703	node_1704	2	2	0
node_1699	node_1703	27	27	0
node_1704	JX576731.1	72	71	1
node_1704	KF826839.1	754	68	686
node_1703	node_1705	7	7	0
node_1691	node_1706	27	27	0
node_1705	JX576747.1	75	75	0
node_1705	OK649688.1	93	93	0
node_1707	node_1708	15	15	0
node_1706	node_1707	69	69	0
node_1708	node_1709	0	0	0
node_1709	MK109765.1	22	22	0
node_1709	MK109789.1	715	7	708
node_1710	MK109781.1	37	37	0
node_1710	MK109769.1	68	68	0
node_1708	node_1710	0	0	0
node_1707	node_1711	1	1	0
node_1711	node_1712	0	0	0
node_1712	KX655646.1	21	20	1
node_1712	KX655686.1	47	47	0
node_1711	node_1713	16	16	0
node_1713	MK109770.1	24	24	0
node_1713	OK649707.1	126	126	0
node_1706	node_1714	72	72	0
node_1714	node_1715	0	0	0
node_1715	node_1716	0	0	0
node_1716	OK649702.1	16	16	0
node_1715	node_1717	1	1	0
node_1717	OK649692.1	16	16	0
node_1716	OK649739.1	3	3	0
node_1717	OK649732.1	720	12	708
node_1714	node_1718	4	4	0
node_1718	node_1719	0	0	0
node_1719	OK649721.1	22	22	0
node_1719	MG813994.1	93	93	0
node_1718	node_1720	26	26	0
node_1720	OK649706.1	7	7	0
node_1720	OK649735.1	24	24	0
node_1690	node_1721	269	269	0
node_1721	node_1722	25	25	0
node_1723	node_1724	0	0	0
node_1722	node_1723	0	0	0
node_1724	node_1725	396	396	0
node_1725	OK649711.1	16	16	0
node_1725	MG431252.1	740	37	703
node_1726	MH594461.1	0	0	0
node_1724	node_1726	0	0	0
node_1723	node_1727	1	1	0
node_1726	MH594455.1	0	0	0
node_1727	node_1728	0	0	0
node_1728	MH594456.1	1	1	0
node_1727	node_1729	0	0	0
node_1728	MH594457.1	3	3	0
node_1729	MH594454.1	1	1	0
node_1729	MH594460.1	0	0	0
node_1722	node_1730	0	0	0
node_1730	node_1731	1	1	0
node_1731	node_1732	0	0	0
node_1732	MH594429.1	19	19	0
node_1732	MH594453.1	636	0	636
node_1733	MH594443.1	23	23	0
node_1731	node_1733	0	0	0
node_1733	MH594452.1	4	4	0
node_1734	node_1735	0	0	0
node_1730	node_1734	14	14	0
node_1735	MH594444.1	18	18	0
node_1735	KP317938.1	8	8	0
node_1734	node_1736	730	23	707
node_1736	KP317932.1	303	303	0
node_1736	MH594354.1	2124	2024	100
node_1721	node_1737	2	2	0
node_1737	node_1738	24	24	0
node_1738	node_1739	0	0	0
node_1740	MH594359.1	54	54	0
node_1739	node_1740	0	0	0
node_1739	node_1741	0	0	0
node_1740	MH594352.1	0	0	0
node_1741	MH594355.1	0	0	0
node_1741	MH594370.1	1	1	0
node_1742	node_1743	2	2	0
node_1738	node_1742	0	0	0
node_1743	MH594368.1	622	523	99
node_1742	node_1744	0	0	0
node_1743	MH594367.1	0	0	0
node_1744	MH594358.1	4457	3817	640
node_1744	MH594353.1	0	0	0
node_1737	node_1745	9	9	0
node_1746	node_1747	32	32	0
node_1747	MH594350.1	2	2	0
node_1745	node_1746	0	0	0
node_1747	MH594369.1	1	1	0
node_1746	node_1748	3	3	0
node_1748	KP317941.1	50	50	0
node_1745	node_1749	324	324	0
node_1749	node_1750	0	0	0
node_1748	KX655625.1	2082	1518	564
node_1750	KJ627302.1	134	134	0
node_1749	node_1751	0	0	0
node_1750	MF001044.1	22	22	0
node_1751	KJ627285.1	34	34	0
node_1502	node_1752	358	198	160
node_1751	MK453523.1	40	40	0
node_1752	node_1753	378	101	277
node_1753	node_1754	30	30	0
node_1754	node_1755	1	1	0
node_1755	node_1756	72	72	0
node_1757	node_1758	6	6	0
node_1756	node_1757	91	91	0
node_1758	MF973155.1	0	0	0
node_1759	MF001045.1	0	0	0
node_1758	node_1759	402	0	402
node_1759	MK167034.1	1	1	0
node_1757	node_1760	0	0	0
node_1760	node_1761	38	38	0
node_1761	OK649736.1	13	13	0
node_1761	OK649722.1	16	16	0
node_1762	MF001040.1	79	79	0
node_1760	node_1762	8	11	-3
node_1762	MH594451.1	357	360	-3
node_1763	node_1764	10	10	0
node_1764	node_1765	125	125	0
node_1756	node_1763	99	98	1
node_1765	KJ939919.1	14	14	0
node_1765	KJ939922.1	5	5	0
node_1766	JX576758.1	36	36	0
node_1764	node_1766	34	33	1
node_1766	JX576762.1	8	8	0
node_1763	node_1767	2	2	0
node_1767	node_1768	2	2	0
node_1768	JX576761.1	56	56	0
node_1768	KF826825.1	491	90	401
node_1769	OK649753.1	289	67	222
node_1767	node_1769	19	19	0
node_1755	node_1770	16	16	0
node_1770	node_1771	130	2	128
node_1769	OK649754.1	61	61	0
node_1772	node_1773	4	4	0
node_1771	node_1772	146	145	1
node_1773	KF826829.1	104	104	0
node_1772	node_1774	1	1	0
node_1773	JQ582844.1	123	123	0
node_1774	MK989763.1	314	313	1
node_1771	node_1775	8	8	0
node_1774	MF185752.1	239	239	0
node_1775	node_1776	7	7	0
node_1776	KU950635.1	14	14	0
node_1775	node_1777	6	6	0
node_1777	KU950587.1	7	7	0
node_1777	KU950604.1	0	0	0
node_1776	KU950637.1	4	4	0
node_1770	node_1778	1	1	0
node_1778	node_1779	2	2	0
node_1779	node_1780	404	4	400
node_1780	MH828503.1	54	54	0
node_1780	KX765905.1	42	42	0
node_1779	node_1781	43	43	0
node_1778	node_1782	0	0	0
node_1781	LC385003.1	27	27	0
node_1781	LC385007.1	1	1	0
node_1783	LC385000.1	42	42	0
node_1783	LC385001.1	26	26	0
node_1782	node_1783	5	5	0
node_1784	MH760724.1	63	63	0
node_1782	node_1784	262	263	-1
node_1784	MN167847.1	45	46	-1
node_1754	node_1785	3	3	0
node_1786	node_1787	265	265	0
node_1785	node_1786	0	0	0
node_1788	MN125682.1	19	18	1
node_1787	node_1788	30	30	0
node_1788	node_1789	0	0	0
node_1789	MK929518.1	1	1	0
node_1789	KX765961.1	705	304	401
node_1787	node_1790	1	1	0
node_1791	LC384998.1	327	327	0
node_1790	node_1791	1	1	0
node_1790	node_1792	1	1	0
node_1792	MN125661.1	33	32	1
node_1791	MN125662.1	187	186	1
node_1792	KX765929.1	298	298	0
node_1795	KX765892.1	406	4	402
node_1794	node_1795	30	30	0
node_1795	KX765895.1	4	4	0
node_1794	node_1796	0	0	0
node_1796	MK109786.1	433	33	400
node_1796	KX655648.1	25	25	0
node_1793	node_1797	0	0	0
node_1793	node_1794	5	5	0
node_1798	MK109782.1	408	7	401
node_1797	node_1798	21	21	0
node_1786	node_1793	0	0	0
node_1798	KX655681.1	10	10	0
node_1797	node_1799	23	23	0
node_1799	KX655653.1	35	35	0
node_1799	KU839625.1	64	64	0
node_1785	node_1800	5	5	0
node_1800	node_1801	1	1	0
node_1801	node_1802	17	17	0
node_1802	node_1803	9	9	0
node_1803	KU950607.1	46	46	0
node_1803	ON237099.1	24	24	0
node_1804	MN125670.1	3	3	0
node_1802	node_1804	278	277	1
node_1804	MN125671.1	31	31	0
node_1801	node_1805	21	7	14
node_1805	node_1806	3	3	0
node_1806	MH828507.1	20	20	0
node_1807	KY249657.1	51	51	0
node_1807	KX765947.1	416	15	401
node_1806	MN167840.1	311	310	1
node_1805	node_1807	19	19	0
node_1800	node_1808	2	2	0
node_1808	node_1809	8	8	0
node_1810	MH828508.1	10	10	0
node_1809	node_1810	17	17	0
node_1811	MH828510.1	39	39	0
node_1810	MH828509.1	34	34	0
node_1809	node_1811	1	1	0
node_1808	node_1812	20	20	0
node_1811	KY883569.1	515	115	400
node_1812	node_1813	43	43	0
node_1813	KY883568.2	6	6	0
node_1813	KY883570.2	31	31	0
node_1812	node_1814	6	6	0
node_1814	MH828506.1	420	18	402
node_1753	node_1815	23	23	0
node_1814	MH828505.1	41	41	0
node_1817	node_1818	1	1	0
node_1816	node_1817	8	8	0
node_1815	node_1816	12	12	0
node_1819	MH760667.1	0	0	0
node_1818	node_1819	273	273	0
node_1820	MH760666.1	3	3	0
node_1819	node_1820	0	0	0
node_1820	KX765959.1	320	320	0
node_1821	node_1822	6	6	0
node_1822	KP663729.1	35	35	0
node_1818	node_1821	18	18	0
node_1821	node_1823	13	13	0
node_1822	MH760665.1	284	284	0
node_1823	KU950682.1	38	38	0
node_1823	KY249673.1	35	35	0
node_1817	node_1824	0	0	0
node_1824	node_1825	0	0	0
node_1825	node_1826	0	0	0
node_1826	KY249667.1	89	89	0
node_1826	MF001048.1	96	95	1
node_1825	node_1827	1	1	0
node_1827	KP663730.1	48	48	0
node_1828	node_1829	0	0	0
node_1827	KX765912.1	463	62	401
node_1824	node_1828	33	32	1
node_1829	KU950467.1	20	20	0
node_1828	node_1830	0	0	0
node_1830	KU950611.1	6	6	0
node_1816	node_1831	0	0	0
node_1832	node_1833	1	1	0
node_1830	MH828504.1	81	81	0
node_1833	node_1834	42	42	0
node_1831	node_1832	3	3	0
node_1834	MG839545.1	493	93	400
node_1829	KU839622.1	7543	3858	3685
node_1833	node_1835	314	314	0
node_1834	MK989761.1	306	84	222
node_1835	MH760719.1	4	4	0
node_1835	MH760697.1	412	10	402
node_1837	LC474538.1	71	71	0
node_1832	node_1836	0	0	0
node_1836	node_1837	8	8	0
node_1837	MZ516025.1	103	103	0
node_1836	node_1838	9	9	0
node_1838	KX765897.1	90	90	0
node_1831	node_1839	54	54	0
node_1838	KU950603.1	83	83	0
node_1839	node_1840	33	33	0
node_1840	node_1841	2	2	0
node_1841	KX765966.1	3	3	0
node_1840	node_1842	0	0	0
node_1842	KX765957.1	4	4	0
node_1841	KX765921.1	4	4	0
node_1842	KX765962.1	414	12	402
node_1839	node_1843	15	15	0
node_1843	node_1844	255	255	0
node_1844	MH760730.1	4	4	0
node_1844	MH760727.1	6	6	0
node_1843	node_1845	0	0	0
node_1845	KY249656.1	99	99	0
node_1846	node_1847	36	0	36
node_1847	node_1848	28	28	0
node_1845	ON237089.1	17	17	0
node_1815	node_1846	35	35	0
node_1848	node_1849	35	35	0
node_1850	LC474532.1	3	3	0
node_1849	node_1850	0	0	0
node_1849	node_1851	0	0	0
node_1850	LC474533.1	5	5	0
node_1848	node_1852	38	38	0
node_1851	LC474531.1	404	2	402
node_1851	LC474534.1	42	42	0
node_1853	LC474536.1	46	46	0
node_1852	node_1853	6	6	0
node_1853	LC474549.1	19	19	0
node_1852	node_1854	9	9	0
node_1854	LC474547.1	3	3	0
node_1854	LC474540.1	12	12	0
node_1847	node_1855	273	273	0
node_1855	node_1856	0	0	0
node_1857	MN125668.1	47	47	0
node_1858	KY249665.1	339	340	-1
node_1858	MH760661.1	55	55	0
node_1856	node_1857	67	67	0
node_1856	node_1858	22	24	-2
node_1857	MN125676.1	10	10	0
node_1859	node_1860	1	1	0
node_1855	node_1859	22	22	0
node_1859	node_1861	233	233	0
node_1860	MH760663.1	54	54	0
node_1860	MN125672.1	34	34	0
node_1861	KJ939929.1	136	137	-1
node_1861	MN125669.1	523	122	401
node_1846	node_1862	0	0	0
node_1862	node_1863	0	0	0
node_1864	node_1865	3	3	0
node_1863	node_1864	0	0	0
node_1865	LC474524.1	51	51	0
node_1865	MF973154.1	73	73	0
node_1864	node_1866	1	1	0
node_1866	KX765975.2	44	44	0
node_1866	LC474539.1	53	52	1
node_1868	MN125675.1	303	303	0
node_1867	node_1868	38	3	35
node_1863	node_1867	14	14	0
node_1868	LC474543.1	75	75	0
node_1869	KX655664.1	38	38	0
node_1867	node_1869	18	18	0
node_1862	node_1870	24	24	0
node_1869	MH760659.1	269	269	0
node_1870	node_1871	266	266	0
node_1872	MH760660.1	70	70	0
node_1871	node_1872	8	8	0
node_1872	KY249677.1	322	322	0
node_1871	node_1873	25	25	0
node_1873	MN125678.1	115	115	0
node_1873	MN125674.1	277	54	223
node_1870	node_1874	60	60	0
node_1874	node_1875	0	0	0
node_1875	KY249678.1	30	30	0
node_1875	KX655671.1	38	38	0
node_1876	KJ939933.1	143	142	1
node_1874	node_1876	1	1	0
node_1752	node_1877	626	67	559
node_1876	KY249670.1	43	43	0
node_1877	node_1878	20	20	0
node_1878	node_1879	1	1	0
node_1881	node_1882	134	134	0
node_1879	node_1880	61	61	0
node_1880	node_1881	84	0	84
node_1882	KJ939930.1	89	88	1
node_1882	node_1883	14	14	0
node_1883	KJ939920.1	43	43	0
node_1881	node_1884	19	15	4
node_1884	node_1885	1	1	0
node_1885	KJ627359.1	52	52	0
node_1885	MN125667.1	163	163	0
node_1884	node_1886	29	29	0
node_1883	KU950575.1	7757	3977	3780
node_1886	KX765899.1	56	56	0
node_1880	node_1887	1	1	0
node_1887	node_1888	60	60	0
node_1888	node_1889	5	5	0
node_1886	KJ627323.1	7365	3694	3671
node_1889	KU950458.1	79	79	0
node_1888	node_1890	0	0	0
node_1890	KJ672430.1	202	202	0
node_1887	node_1891	136	136	0
node_1890	KU950569.1	77	77	0
node_1891	node_1892	0	0	0
node_1892	KM042393.1	0	0	0
node_1892	KJ672481.1	8	8	0
node_1889	KM042387.1	7425	3718	3707
node_1891	node_1893	0	0	0
node_1893	KJ672425.1	9	9	0
node_1879	node_1894	34	34	0
node_1894	node_1895	4	4	0
node_1893	KU950619.1	58	58	0
node_1895	node_1896	91	91	0
node_1896	node_1897	34	34	0
node_1897	KU950500.1	4	4	0
node_1896	node_1898	26	26	0
node_1897	KU950576.1	5	5	0
node_1898	KJ672473.1	21	21	0
node_1898	KJ672438.1	12	12	0
node_1895	node_1899	628	230	398
node_1899	node_1900	0	0	0
node_1900	MH594448.1	0	0	0
node_1900	MH594447.1	43	43	0
node_1899	node_1901	0	0	0
node_1901	MH594449.1	0	0	0
node_1901	MH594430.1	25	25	0
node_1902	node_1903	627	226	401
node_1894	node_1902	0	0	0
node_1904	MH594446.1	43	43	0
node_1903	node_1905	0	0	0
node_1903	node_1904	0	0	0
node_1904	MH594431.1	28	28	0
node_1905	MH594445.1	44	44	0
node_1905	MH594450.1	3	3	0
node_1902	node_1906	0	0	0
node_1906	node_1907	4	4	0
node_1907	KX765893.1	48	48	0
node_1906	node_1908	24	24	0
node_1907	MH594433.1	670	269	401
node_1908	KX655669.1	79	79	0
node_1908	KF826845.1	133	133	0
node_1909	node_1910	11	11	0
node_1910	node_1911	67	67	0
node_1911	node_1912	22	22	0
node_1878	node_1909	17	17	0
node_1912	OK649699.1	47	47	0
node_1912	node_1913	69	69	0
node_1913	LC474526.1	45	45	0
node_1911	node_1914	6	6	0
node_1913	LC474523.1	20	20	0
node_1914	node_1915	14	15	-1
node_1915	MG431253.1	112	106	6
node_1914	node_1916	27	27	0
node_1915	KX655690.1	166	166	0
node_1916	JX576739.1	29	29	0
node_1916	KJ939926.1	84	84	0
node_1910	node_1917	0	0	0
node_1917	node_1918	2	2	0
node_1918	node_1919	27	27	0
node_1919	MF001042.1	24	24	0
node_1918	node_1920	8	8	0
node_1919	LC474525.1	77	77	0
node_1920	KU950693.1	90	90	0
node_1917	node_1921	84	84	0
node_1920	MH594434.1	2446	2446	0
node_1921	node_1922	0	0	0
node_1922	KX765900.1	136	136	0
node_1922	KU950484.1	78	78	0
node_1923	KU839636.1	242	18	224
node_1909	node_1924	56	54	2
node_1921	node_1923	0	0	0
node_1923	KU950489.1	10	10	0
node_1924	node_1925	16	16	0
node_1925	node_1926	12	12	0
node_1926	node_1927	0	0	0
node_1927	KU950625.1	23	23	0
node_1927	KU950647.1	12	12	0
node_1928	ON237110.1	5	5	0
node_1926	node_1928	36	36	0
node_1925	node_1929	14	14	0
node_1928	ON237101.1	4	4	0
node_1929	node_1930	0	0	0
node_1930	MN125679.1	645	249	396
node_1930	KX765973.1	2	2	0
node_1929	node_1931	0	0	0
node_1931	KX765888.1	5	5	0
node_1924	node_1932	0	0	0
node_1932	node_1933	0	0	0
node_1931	KX765907.1	3	3	0
node_1933	node_1934	107	107	0
node_1934	KY249666.1	14	14	0
node_1934	KY249674.1	14	14	0
node_1933	node_1935	22	22	0
node_1935	KX765943.1	1	1	0
node_1935	KX765908.1	6	6	0
node_1932	node_1936	0	0	0
node_1937	KX765965.1	4	4	0
node_1936	node_1937	23	23	0
node_1937	KY249661.1	81	81	0
node_1936	node_1938	22	22	0
node_1938	KX765909.1	4	4	0
node_1877	node_1939	5	5	0
node_1938	KX765923.1	2	2	0
node_1940	node_1941	68	68	0
node_1939	node_1940	5	5	0
node_1941	node_1942	30	30	0
node_1942	node_1943	21	21	0
node_1943	KU950662.1	22	22	0
node_1943	node_1944	0	0	0
node_1944	KX655685.1	95	95	0
node_1942	node_1945	13	13	0
node_1944	LC474535.1	57	59	-2
node_1945	node_1946	14	14	0
node_1946	ON237083.1	29	29	0
node_1946	KU950602.1	36	36	0
node_1945	node_1947	694	292	402
node_1947	MK929519.1	0	0	0
node_1947	MN167851.1	2	2	0
node_1941	node_1948	641	241	400
node_1948	node_1949	3	3	0
node_1949	node_1950	62	62	0
node_1950	MN167839.1	46	46	0
node_1950	MN125683.1	414	13	401
node_1951	MN167841.1	11	9	2
node_1951	MN125681.1	38	38	0
node_1949	node_1951	29	29	0
node_1948	node_1952	0	0	0
node_1953	MN167845.1	15	15	0
node_1952	node_1953	32	32	0
node_1953	MN125664.1	416	15	401
node_1954	MG839544.1	452	452	0
node_1952	node_1954	2	2	0
node_1954	MN125680.1	435	40	395
node_1940	node_1955	33	33	0
node_1955	node_1956	3	3	0
node_1957	node_1958	12	12	0
node_1956	node_1957	42	42	0
node_1958	KF826844.1	15	15	0
node_1958	KF826843.1	53	53	0
node_1959	JX576742.1	61	61	0
node_1957	node_1959	8	8	0
node_1959	MF973158.1	599	199	400
node_1960	node_1961	0	0	0
node_1956	node_1960	72	72	0
node_1960	node_1962	3	3	0
node_1961	KJ627247.1	1	1	0
node_1961	KJ627277.1	19	19	0
node_1955	node_1963	633	232	401
node_1963	node_1964	5	7	-2
node_1962	KJ627265.1	1732	1350	382
node_1962	KJ627332.1	0	0	0
node_1964	node_1965	4	4	0
node_1965	KY249659.1	792	394	398
node_1965	MN125666.1	114	114	0
node_1964	node_1966	6	6	0
node_1966	MN125663.1	136	136	0
node_1966	MN125677.1	131	131	0
node_1967	node_1968	0	0	0
node_1963	node_1967	113	113	0
node_1968	MH760664.1	39	39	0
node_1968	MN125673.1	1567	1047	520
node_1967	node_1969	1	1	0
node_1969	MH760662.1	39	39	0
node_1969	KU950597.1	4045	4045	0
node_1939	node_1970	289	86	203
node_1970	node_1971	28	26	2
node_1971	node_1972	704	303	401
node_1972	node_1973	10	10	0
node_1974	KU950657.1	105	104	1
node_1975	MN365482.1	21	21	0
node_1974	KY249662.1	162	162	0
node_1973	node_1974	731	330	401
node_1973	node_1975	2638	2638	0
node_1975	MN365568.1	77	77	0
node_1972	node_1976	66	66	0
node_1976	node_1977	8	8	0
node_1977	MN365569.1	455	53	402
node_1977	MN365575.1	91	91	0
node_1976	node_1978	1	1	0
node_1978	MN365479.1	182	182	0
node_1971	node_1979	1	1	0
node_1978	MN365426.1	958	958	0
node_1980	node_1981	35	35	0
node_1979	node_1980	21	21	0
node_1981	LC474548.1	199	196	3
node_1981	KY249664.1	152	152	0
node_1980	node_1982	89	90	-1
node_1982	MN108248.1	2004	2059	-55
node_1982	MN108247.1	875	857	18
node_1984	KF893260.1	94	94	0
node_1979	node_1983	488	485	3
node_1983	node_1985	39	39	0
node_1983	node_1984	6	6	0
node_1984	KU316097.1	31	31	0
node_1985	KU316095.1	0	0	0
node_1970	node_1986	503	498	5
node_1985	KU316147.1	2	2	0
node_1986	node_1987	4	4	0
node_1987	node_1988	30	30	0
node_1988	node_1989	0	0	0
node_1989	KJ723479.1	69	67	2
node_1989	MG642059.1	12	12	0
node_1990	KP258718.1	65	65	0
node_1988	node_1990	0	0	0
node_1990	KU316101.1	453	53	400
node_1987	node_1991	23	23	0
node_1992	MG642044.1	406	4	402
node_1992	MG642078.1	3	3	0
node_1993	MG642065.1	5	5	0
node_1993	KP258736.1	62	62	0
node_1991	node_1992	2	2	0
node_1994	node_1995	402	1	401
node_1995	node_1996	26	26	0
node_1991	node_1993	0	0	0
node_1986	node_1994	3	3	0
node_1996	MG642025.1	4	4	0
node_1996	KU316177.1	6	6	0
node_1995	node_1997	15	15	0
node_1997	MG642037.1	2	2	0
node_1994	node_1998	0	0	0
node_1997	MG642047.1	406	4	402
node_1998	node_1999	7	1	6
node_1999	MG642045.1	12	10	2
node_1999	KU316116.1	24	24	0
node_1998	node_2000	14	14	0
node_2000	KU316122.1	3	3	0
node_2000	KP856963.1	64	64	0
node_2001	node_2002	868	789	79
node_2002	node_2003	477	363	114
node_2006	node_2007	5	5	0
node_2005	node_2006	180	153	27
node_2003	node_2004	911	645	266
node_2008	node_2009	158	158	0
node_2009	node_2010	81	81	0
node_2007	node_2008	52	52	0
node_2010	KJ723485.2	23	23	0
node_2010	node_2011	0	0	0
node_2011	KP258738.1	30	30	0
node_2004	node_2005	4354	2810	1544
node_1	node_2001	5706	5240	466
node_2009	node_2012	11	11	0
node_2011	KU316136.1	44	44	0
node_2012	node_2013	46	46	0
node_2013	KU316115.1	2	2	0
node_2013	MG642053.1	223	223	0
node_2012	node_2014	110	110	0
node_2014	AY353550.1	146	146	0
node_2008	node_2015	130	130	0
node_2014	MG813995.1	226	226	0
node_2016	node_2017	2	2	0
node_2017	KP258735.1	2	2	0
node_2015	node_2016	0	0	0
node_2018	KJ723469.1	8	8	0
node_2016	node_2018	0	0	0
node_2017	KJ723463.2	2	2	0
node_2018	KU316108.1	298	4	294
node_2015	node_2019	6	6	0
node_2020	KU316151.1	5	5	0
node_2019	node_2020	0	0	0
node_2020	KU316129.1	4	4	0
node_2019	node_2021	0	0	0
node_2021	MG642051.1	0	0	0
node_2021	MG642068.1	21	21	0
node_2022	node_2023	0	0	0
node_2023	node_2024	236	236	0
node_2007	node_2022	114	114	0
node_2024	node_2025	56	56	0
node_2025	KJ723476.2	301	7	294
node_2025	MG642076.1	20	20	0
node_2024	node_2026	5	5	0
node_2026	KP258731.1	21	21	0
node_2027	node_2028	0	0	0
node_2026	KP258712.1	86	86	0
node_2023	node_2027	2	2	0
node_2028	KU316144.1	2	2	0
node_2028	KP258721.1	253	253	0
node_2027	node_2029	0	0	0
node_2029	MG642054.1	6	6	0
node_2030	node_2031	1	1	0
node_2022	node_2030	0	0	0
node_2029	MG642027.1	5	5	0
node_2032	KU316132.1	7	7	0
node_2031	node_2032	0	0	0
node_2031	node_2033	0	0	0
node_2032	KU316127.1	5	5	0
node_2033	MG642072.1	4	4	0
node_2034	node_2035	0	0	0
node_2033	KJ723477.1	9	9	0
node_2030	node_2034	4	4	0
node_2035	KJ723460.1	5	5	0
node_2035	KP258698.1	1	1	0
node_2036	KJ723470.2	3	3	0
node_2006	node_2037	1	1	0
node_2034	node_2036	0	0	0
node_2037	node_2038	15	15	0
node_2036	KJ723480.2	4	4	0
node_2038	node_2039	57	57	0
node_2039	node_2040	0	0	0
node_2040	OK649749.1	160	160	0
node_2040	node_2041	23	23	0
node_2041	KU316113.1	5	5	0
node_2041	MG642082.1	10	10	0
node_2039	node_2042	0	0	0
node_2042	node_2043	25	25	0
node_2043	MG642036.1	1	1	0
node_2043	KJ723482.2	6	6	0
node_2042	node_2044	46	46	0
node_2038	node_2045	2	2	0
node_2044	MG642066.1	14	14	0
node_2044	KU316181.1	20	20	0
node_2045	node_2046	3	3	0
node_2047	MG642046.1	40	40	0
node_2047	MG642043.1	77	77	0
node_2046	node_2048	0	0	0
node_2048	KU316102.1	89	89	0
node_2046	node_2047	1	1	0
node_2048	KP258714.1	382	90	292
node_2045	node_2049	72	72	0
node_2049	node_2050	60	60	0
node_2050	KU316175.1	2	2	0
node_2049	node_2051	0	0	0
node_2050	MG642039.1	2	2	0
node_2051	KU316130.1	4	4	0
node_2037	node_2052	7	7	0
node_2051	KU316173.1	3	3	0
node_2052	node_2053	4	4	0
node_2053	node_2054	57	56	1
node_2054	node_2055	0	0	0
node_2055	KJ723481.2	4	4	0
node_2055	MG642042.1	3	3	0
node_2054	node_2056	0	0	0
node_2053	node_2057	97	97	0
node_2058	MK167030.1	84	89	-5
node_2056	MG642057.1	3	3	0
node_2057	node_2058	2	2	0
node_2056	KY674983.1	168	168	0
node_2058	AF013254.1	81	81	0
node_2057	node_2059	18	18	0
node_2060	node_2061	0	0	0
node_2059	AF013255.1	1671	1377	294
node_2052	node_2060	243	243	0
node_2059	KU316182.1	135	135	0
node_2061	node_2062	34	34	0
node_2061	node_2063	12	12	0
node_2062	KU316172.1	477	183	294
node_2062	KP258724.1	48	48	0
node_2063	KP258708.1	29	29	0
node_2063	OK649752.1	95	95	0
node_2060	node_2064	1	1	0
node_2064	node_2065	0	0	0
node_2065	KP258742.1	19	19	0
node_2065	KU316134.1	378	84	294
node_2064	node_2066	61	61	0
node_2066	KU316158.1	51	51	0
node_2005	node_2067	99	96	3
node_2068	node_2069	70	68	2
node_2066	KP258739.1	43	43	0
node_2067	node_2068	11	5	6
node_2069	node_2070	1	1	0
node_2070	node_2071	35	35	0
node_2071	KP258713.1	10	10	0
node_2071	node_2072	0	0	0
node_2072	KP258745.1	9	9	0
node_2072	OK649748.1	76	76	0
node_2070	node_2073	2	2	0
node_2073	node_2074	2	2	0
node_2074	KU316100.1	45	45	0
node_2074	KP856966.1	136	136	0
node_2073	node_2075	17	1	16
node_2075	KU316179.1	92	92	0
node_2075	OK649740.1	137	137	0
node_2069	node_2076	0	0	0
node_2076	node_2077	4	4	0
node_2077	node_2078	38	38	0
node_2078	KU316105.1	107	107	0
node_2077	node_2079	172	172	0
node_2079	JX576760.1	81	81	0
node_2079	JQ582843.1	69	71	-2
node_2076	node_2080	112	112	0
node_2081	MF185754.1	461	461	0
node_2081	KU316094.1	33	33	0
node_2080	node_2081	0	0	0
node_2080	node_2082	0	0	0
node_2082	OK649745.1	180	179	1
node_2078	KP258706.1	7637	3697	3940
node_2082	KU316156.1	37	37	0
node_2083	node_2084	30	30	0
node_2068	node_2083	142	110	32
node_2084	node_2085	2	1	1
node_2085	node_2086	0	0	0
node_2086	KP258702.1	1	1	0
node_2085	node_2087	0	0	0
node_2087	OK649746.1	82	82	0
node_2087	KU316117.1	2	2	0
node_2084	node_2088	0	0	0
node_2088	node_2089	0	0	0
node_2089	MG642064.1	7	6	1
node_2089	KP258705.1	9	9	0
node_2086	KP856962.1	7632	3670	3962
node_2088	node_2090	22	22	0
node_2090	KU316114.1	13	13	0
node_2090	OK649751.1	98	98	0
node_2083	node_2091	0	0	0
node_2091	node_2092	1	1	0
node_2093	KJ723484.2	7	7	0
node_2093	OK649750.1	386	92	294
node_2092	node_2093	8	8	0
node_2092	node_2094	0	0	0
node_2094	KU316128.1	23	23	0
node_2094	KU316159.1	104	103	1
node_2095	node_2096	0	0	0
node_2091	node_2095	125	125	0
node_2096	MG642049.1	4	4	0
node_2096	MG642062.1	173	173	0
node_2097	KU316163.1	2	2	0
node_2095	node_2097	0	0	0
node_2097	KJ723466.2	3	3	0
node_2098	node_2099	71	69	2
node_2067	node_2098	388	240	148
node_2102	OK649747.1	118	118	0
node_2099	node_2100	223	223	0
node_2101	node_2102	1	1	0
node_2100	node_2101	127	127	0
node_2102	KU316111.1	46	46	0
node_2103	KP258720.1	24	24	0
node_2103	KP856965.1	107	107	0
node_2101	node_2103	0	0	0
node_2100	node_2104	214	214	0
node_2105	KP856961.1	349	349	0
node_2104	node_2105	0	0	0
node_2105	KP317923.1	48	48	0
node_2104	node_2106	204	204	0
node_2106	KP317922.1	8	8	0
node_2106	KP317929.1	22	22	0
node_2099	node_2107	30	30	0
node_2107	node_2108	128	124	4
node_2108	node_2109	31	31	0
node_2109	KP317919.1	2958	2958	0
node_2109	KF826853.2	520	520	0
node_2108	node_2110	50	46	4
node_2110	MF185751.1	86	86	0
node_2110	KP317939.1	40	40	0
node_2111	node_2112	0	0	0
node_2111	node_2113	0	0	0
node_2113	JC603430.1	646	646	0
node_2112	KJ817801.1	646	646	0
node_2113	KJ817800.1	672	670	2
node_2114	node_2115	0	0	0
node_2098	node_2114	4230	2969	1261
node_2115	node_2116	1061	1056	5
node_2116	node_2117	4	4	0
node_2117	JC603429.1	1049	1049	0
node_2118	MK733768.1	734	734	0
node_2115	node_2119	6	6	0
node_2116	node_2118	0	0	0
node_2119	node_2120	0	0	0
node_2120	MG642067.1	6	6	0
node_2118	KP258695.1	1073	1068	5
node_2120	KU316165.1	64	64	0
node_2119	node_2121	0	0	0
node_2117	MK733769.1	1815	1806	9
node_2121	KU316162.1	4	4	0
node_2121	KP258730.1	3	3	0
node_2114	node_2122	1	1	0
node_2122	node_2123	6	6	0
node_2123	node_2124	2	2	0
node_2124	KU316153.1	7	7	0
node_2124	KP258719.1	4	4	0
node_2123	node_2125	0	0	0
node_2125	MG813989.1	167	167	0
node_2125	KJ723491.2	11	8	3
node_2126	node_2127	22	22	0
node_2122	node_2126	3	3	0
node_2127	KP258741.1	6	6	0
node_2126	node_2128	11	11	0
node_2127	KP258729.1	0	0	0
node_2128	KU316174.1	24	24	0
node_2128	KJ723475.1	80	80	0
node_2130	node_2131	257	257	0
node_2004	node_2129	536	435	101
node_2129	node_2130	163	163	0
node_2131	node_2132	47	47	0
node_2132	node_2133	0	0	0
node_2133	node_2134	0	0	0
node_2134	KJ723461.1	5	5	0
node_2134	node_2135	3	3	0
node_2135	KU316152.1	0	0	0
node_2135	KU316154.1	1	1	0
node_2133	node_2136	0	0	0
node_2136	node_2137	1	1	0
node_2137	KU316120.1	5	5	0
node_2137	MG642069.1	2	2	0
node_2136	node_2138	1	1	0
node_2138	KJ723467.1	611	4	607
node_2138	MG642038.1	1	1	0
node_2132	node_2139	1	1	0
node_2139	node_2140	0	0	0
node_2140	node_2141	1	1	0
node_2141	KU316169.1	2	2	0
node_2141	MG642075.1	5	5	0
node_2140	node_2142	1	1	0
node_2142	KU316160.1	6	6	0
node_2112	MG642029.1	11178	8828	2350
node_2139	node_2143	43	43	0
node_2142	KU316146.1	53	53	0
node_2143	node_2145	26	26	0
node_2144	KJ723478.1	12	12	0
node_2131	node_2146	96	96	0
node_2143	node_2144	1	1	0
node_2144	KU316103.1	69	43	26
node_2145	KU316140.1	3	3	0
node_2147	node_2148	1	1	0
node_2149	KU316106.1	3	3	0
node_2146	node_2147	2	2	0
node_2145	KU316155.1	3	3	0
node_2148	node_2149	134	134	0
node_2148	node_2150	20	20	0
node_2150	KU316123.1	8	8	0
node_2150	KU316099.1	3	3	0
node_2149	KU316168.1	3	3	0
node_2147	node_2151	69	69	0
node_2151	node_2152	0	0	0
node_2152	OK649593.1	7	7	0
node_2152	KP258717.1	87	85	2
node_2153	OK649591.1	3	3	0
node_2155	node_2156	4	4	0
node_2146	node_2154	0	0	0
node_2151	node_2153	0	0	0
node_2153	OK649589.1	27	27	0
node_2156	OK649673.1	78	78	0
node_2156	KP258744.1	4	4	0
node_2155	node_2157	0	0	0
node_2154	node_2155	1	1	0
node_2157	KU316164.1	32	30	2
node_2157	OK649594.1	84	84	0
node_2154	node_2158	8	8	0
node_2158	node_2159	0	0	0
node_2158	node_2160	114	114	0
node_2159	KU316107.1	19	19	0
node_2159	OK649670.1	102	102	0
node_2160	KU316119.1	21	21	0
node_2160	KJ723474.1	24	10	14
node_2161	node_2162	7	7	0
node_2130	node_2161	101	92	9
node_2163	node_2164	154	151	3
node_2162	node_2163	274	269	5
node_2164	KJ723489.1	645	33	612
node_2164	node_2165	39	38	1
node_2165	KU316109.1	66	66	0
node_2165	KU316124.1	3	5	-2
node_2163	node_2166	42	42	0
node_2167	MG642060.1	56	56	0
node_2166	node_2168	3	3	0
node_2166	node_2167	0	0	0
node_2167	KU316171.1	50	50	0
node_2168	KU316112.1	49	49	0
node_2162	node_2169	51	53	-2
node_2169	node_2170	0	0	0
node_2168	MK733766.1	1051	1041	10
node_2170	node_2171	816	809	7
node_2171	JC603427.1	0	0	0
node_2171	KJ817798.1	0	0	0
node_2170	node_2172	0	0	0
node_2169	node_2173	0	0	0
node_2172	KT992094.1	0	0	0
node_2173	node_2174	52	52	0
node_2172	M74568.1	707	24	683
node_2175	AF035006.1	27	27	0
node_2174	KY418147.1	0	0	0
node_2174	KY418148.1	8	8	0
node_2177	node_2178	230	230	0
node_2173	node_2175	1	1	0
node_2176	node_2177	1	1	0
node_2175	JC603426.1	119	116	3
node_2161	node_2176	191	191	0
node_2178	node_2179	91	91	0
node_2179	JF920070.1	539	539	0
node_2179	JF920069.1	4	4	0
node_2178	node_2180	722	721	1
node_2180	JC603428.1	0	0	0
node_2180	KJ817799.1	0	0	0
node_2177	node_2181	0	0	0
node_2181	node_2182	0	0	0
node_2182	MT994242.1	730	730	0
node_2181	node_2183	0	0	0
node_2182	MK733767.1	847	844	3
node_2183	MT994243.1	729	729	0
node_2184	node_2185	0	0	0
node_2183	KF713492.1	758	758	0
node_2186	MK816924.1	767	767	0
node_2185	node_2186	0	0	0
node_2185	node_2187	1	1	0
node_2186	MK810782.1	738	738	0
node_2176	node_2184	89	1	88
node_2187	KU707921.1	437	437	0
node_2187	KX348546.1	1367	1367	0
node_2184	node_2188	29	3	26
node_2188	node_2189	0	0	0
node_2189	KF713490.1	0	0	0
node_2189	OM326756.1	1946	1946	0
node_2107	node_2111	4756	3662	1094
node_2188	node_2190	1695	1695	0
node_2129	node_2191	201	189	12
node_2190	KF713491.1	0	0	0
node_2190	MW039343.1	1	1	0
node_2191	node_2192	57	57	0
node_2192	node_2193	182	137	45
node_2193	node_2194	248	247	1
node_2194	node_2195	2	2	0
node_2195	MP212244.1	0	0	0
node_2195	node_2196	0	0	0
node_2196	MW768128.1	3	3	0
node_2194	node_2197	0	0	0
node_2197	node_2198	0	0	0
node_2198	OK649668.1	31	31	0
node_2196	AY911262.1	0	0	0
node_2198	MW768127.1	3	3	0
node_2197	node_2199	0	0	0
node_2199	DI482023.1	2	2	0
node_2199	MT492011.1	300	298	2
node_2193	node_2200	131	131	0
node_2200	node_2201	2	2	0
node_2202	MT492012.1	614	612	2
node_2201	node_2202	22	22	0
node_2202	GU591765.1	174	155	19
node_2203	GU591766.1	159	158	1
node_2201	node_2203	5	5	0
node_2203	GU591761.1	96	96	0
node_2200	node_2204	63	63	0
node_2204	node_2205	31	31	0
node_2205	GU591763.1	72	72	0
node_2205	GU591764.1	36	36	0
node_2206	GU591758.1	52	52	0
node_2204	node_2206	126	123	3
node_2192	node_2207	22	20	2
node_2206	GU591762.1	47	47	0
node_2207	node_2208	42	42	0
node_2208	node_2209	94	93	1
node_2209	node_2210	4	4	0
node_2210	GU591768.1	226	224	2
node_2210	GU591771.1	185	185	0
node_2209	node_2211	17	17	0
node_2211	GU591760.1	218	200	18
node_2211	GU591767.1	160	160	0
node_2208	node_2212	2	2	0
node_2212	node_2213	144	143	1
node_2212	node_2214	296	296	0
node_2214	KP258700.1	3	3	0
node_2213	GU591769.1	97	100	-3
node_2207	node_2215	186	186	0
node_2214	KU316167.1	624	13	611
node_2215	node_2216	32	32	0
node_2213	GU591770.1	101	101	0
node_2217	KU316110.1	36	36	0
node_2217	KP258734.1	83	83	0
node_2216	node_2217	0	0	0
node_2216	node_2218	1	1	0
node_2218	KJ723464.1	77	77	0
node_2218	KJ723492.1	94	94	0
node_2215	node_2219	34	34	0
node_2219	node_2220	1	1	0
node_2220	MG642056.1	1	1	0
node_2220	KU316166.1	91	91	0
node_2219	node_2221	0	0	0
node_2221	MG642081.1	3	3	0
node_2191	node_2222	82	82	0
node_2222	node_2223	78	78	0
node_2221	KU316142.1	186	186	0
node_2223	node_2224	112	0	112
node_2224	node_2225	71	71	0
node_2226	KJ723472.2	4030	4030	0
node_2225	node_2226	8	8	0
node_2225	node_2227	2	2	0
node_2226	MG642026.1	7	7	0
node_2227	KU316148.1	27	27	0
node_2227	KU316126.1	49	45	4
node_2224	node_2228	50	50	0
node_2229	KU316098.1	104	104	0
node_2228	node_2229	0	0	0
node_2229	MG642035.1	4	4	0
node_2230	KP258733.1	4	4	0
node_2228	node_2230	0	0	0
node_2230	KJ723483.1	5	5	0
node_2223	node_2231	0	0	0
node_2231	node_2232	48	48	0
node_2233	MG642071.1	3	3	0
node_2233	KU316125.1	159	159	0
node_2232	node_2233	2	2	0
node_2234	MG642077.1	2	2	0
node_2231	node_2235	2	2	0
node_2234	KU316138.1	3	3	0
node_2235	node_2236	1	1	0
node_2232	node_2234	28	28	0
node_2236	MG642070.1	82	81	1
node_2235	node_2237	347	33	314
node_2236	KP258723.1	71	71	0
node_2237	MG642063.1	62	60	2
node_2237	OK649672.1	228	227	1
node_2222	node_2238	171	171	0
node_2238	node_2239	4	4	0
node_2239	node_2240	3	3	0
node_2241	KP258743.1	85	85	0
node_2240	node_2241	1	1	0
node_2241	OK649658.1	63	63	0
node_2240	node_2242	0	0	0
node_2242	OK649678.1	151	151	0
node_2239	node_2243	47	47	0
node_2242	JF920065.1	70	70	0
node_2243	node_2244	11	11	0
node_2243	node_2245	0	0	0
node_2244	JX069801.1	53	53	0
node_2245	JX069800.1	64	64	0
node_2238	node_2246	0	0	0
node_2244	JF920066.1	424	420	4
node_2245	JF920062.1	88	88	0
node_2246	node_2247	451	451	0
node_2247	node_2248	395	395	0
node_2248	JF920063.1	196	196	0
node_2247	node_2249	453	453	0
node_2248	JF920064.2	3871	4588	-717
node_2246	node_2250	434	124	310
node_2249	JF920067.2	499	499	0
node_2249	JF920068.2	2483	1481	1002
node_2250	node_2251	5	5	0
node_2251	OK649669.1	484	169	315
node_2250	node_2252	1	1	0
node_2251	MG642030.1	44	43	1
node_2252	KU316092.1	368	86	282
node_2003	node_2253	466	257	209
node_2254	node_2255	44	23	21
node_2252	KP258737.1	43	43	0
node_2253	node_2254	211	87	124
node_2257	node_2258	4	4	0
node_2258	node_2259	3	3	0
node_2256	node_2257	113	112	1
node_2255	node_2256	131	65	66
node_2259	MG642034.1	210	207	3
node_2259	node_2260	84	84	0
node_2260	OK649590.1	37	37	0
node_2260	OK649657.1	37	37	0
node_2262	MG642080.1	1	1	0
node_2261	node_2262	1	1	0
node_2258	node_2261	24	24	0
node_2262	OK649592.1	102	102	0
node_2261	node_2263	0	0	0
node_2265	node_2266	4	4	0
node_2263	KU316131.1	1	1	0
node_2257	node_2264	1	1	0
node_2263	MG642033.1	4	4	0
node_2264	node_2265	24	24	0
node_2265	node_2267	307	1	306
node_2266	MG642050.1	5	5	0
node_2264	node_2268	153	144	9
node_2266	KP258697.1	9	9	0
node_2267	KU316139.1	164	164	0
node_2267	OK649659.1	157	156	1
node_2268	node_2269	0	0	0
node_2269	JX069798.1	56	56	0
node_2269	KJ627647.1	22	22	0
node_2268	node_2270	0	0	0
node_2270	KJ627648.1	12	12	0
node_2256	node_2271	61	59	2
node_2270	KJ627681.1	568	263	305
node_2271	node_2272	29	7	22
node_2273	node_2274	0	0	0
node_2274	DJ068250.1	137	137	0
node_2275	CS126018.1	137	137	0
node_2273	node_2275	0	0	0
node_2275	JB769063.1	541	137	404
node_2277	KU950573.1	576	273	303
node_2272	node_2276	3	3	0
node_2277	KU316118.1	185	180	5
node_2276	node_2277	43	43	0
node_2276	node_2278	95	85	10
node_2278	KP119746.1	0	0	0
node_2278	KP119747.1	9	9	0
node_2271	node_2279	137	73	64
node_2280	node_2281	0	0	0
node_2279	node_2280	6	6	0
node_2281	ON210121.1	24	24	0
node_2281	KP119745.1	13	13	0
node_2280	node_2282	0	0	0
node_2282	ON210122.1	33	33	0
node_2282	KP119748.1	13	13	0
node_2279	node_2283	0	0	0
node_2283	node_2284	310	4	306
node_2284	ON210123.1	203	203	0
node_2284	KP218910.1	23	23	0
node_2285	OK649612.1	331	323	8
node_2285	ON210124.1	286	117	169
node_2283	node_2285	7	7	0
node_2255	node_2286	2	1	1
node_2287	node_2288	67	65	2
node_2286	node_2287	69	50	19
node_2288	node_2289	36	35	1
node_2289	OK649625.1	324	18	306
node_2290	OK649598.1	1	1	0
node_2289	node_2290	11	11	0
node_2290	OK649627.1	19	19	0
node_2288	node_2291	13	13	0
node_2291	node_2292	23	23	0
node_2292	OK649614.1	11	11	0
node_2291	node_2293	101	100	1
node_2293	KJ627361.1	0	0	0
node_2292	OK649600.1	28	28	0
node_2293	KJ627305.1	7	7	0
node_2287	node_2294	3	3	0
node_2295	node_2296	108	108	0
node_2296	KJ627352.1	48	48	0
node_2294	node_2295	3	3	0
node_2295	node_2297	79	77	2
node_2296	MF973159.1	589	282	307
node_2297	JQ901452.1	3	3	0
node_2297	JQ901453.1	7	7	0
node_2294	node_2298	4	4	0
node_2298	node_2299	28	28	0
node_2299	JX015480.1	105	104	1
node_2299	KF826848.1	44	40	4
node_2300	OK649661.1	20	20	0
node_2298	node_2300	206	206	0
node_2286	node_2301	144	58	86
node_2300	OK649662.1	5	5	0
node_2301	node_2302	72	72	0
node_2302	node_2303	43	37	6
node_2303	node_2304	1	1	0
node_2304	OK649664.1	26	26	0
node_2304	OK649665.1	0	0	0
node_2305	OK649666.1	153	153	0
node_2303	node_2305	158	158	0
node_2305	KP317937.1	6080	3662	2418
node_2302	node_2306	5	1	4
node_2307	KP317950.1	423	423	0
node_2306	node_2307	163	16	147
node_2306	node_2308	58	58	0
node_2307	OK649660.1	24	23	1
node_2308	KP317933.1	1355	1046	309
node_2308	JX015486.1	19	19	0
node_2301	node_2309	2	2	0
node_2309	node_2310	9	9	0
node_2311	JQ901458.1	108	108	0
node_2310	node_2311	6	6	0
node_2310	node_2312	0	0	0
node_2311	OK649642.1	442	137	305
node_2312	JX069799.1	54	54	0
node_2312	JF920057.1	66	65	1
node_2313	node_2314	0	0	0
node_2309	node_2313	179	169	10
node_2314	JQ901457.1	273	264	9
node_2314	KJ627311.1	20	20	0
node_2313	node_2315	0	0	0
node_2315	KJ627336.1	28	28	0
node_2254	node_2316	2	0	2
node_2315	KJ627255.1	31	31	0
node_2316	node_2317	74	74	0
node_2317	node_2318	167	134	33
node_2319	node_2320	96	91	5
node_2318	node_2319	1	1	0
node_2320	KJ627260.1	31	31	0
node_2320	node_2321	2	1	1
node_2322	node_2323	4	4	0
node_2321	KJ627327.1	92	91	1
node_2321	KJ627353.1	25	25	0
node_2323	KJ627289.1	0	0	0
node_2319	node_2322	19	19	0
node_2323	KJ627284.1	2	2	0
node_2322	node_2324	1	1	0
node_2324	KJ627368.1	4013	2287	1726
node_2324	KJ627321.1	2	2	0
node_2326	node_2327	1	1	0
node_2325	node_2326	20	20	0
node_2327	KJ627339.1	3	3	0
node_2318	node_2325	0	0	0
node_2327	KJ627324.1	344	7	337
node_2326	node_2328	1	1	0
node_2328	KJ627366.1	481	175	306
node_2325	node_2329	3	3	0
node_2328	KJ627314.1	3	3	0
node_2331	OK649679.1	420	65	355
node_2329	node_2331	151	148	3
node_2329	node_2330	16	16	0
node_2330	KJ627276.1	329	3	326
node_2331	OK649596.1	165	160	5
node_2330	KJ627248.1	4	4	0
node_2317	node_2332	10	0	10
node_2333	node_2334	57	55	2
node_2332	node_2333	166	132	34
node_2334	node_2335	377	71	306
node_2335	KU316141.1	66	66	0
node_2336	KU316091.1	5	5	0
node_2335	JF920056.1	1468	1372	96
node_2334	node_2336	7	7	0
node_2336	KP856968.1	137	137	0
node_2333	node_2337	80	80	0
node_2337	node_2338	368	366	2
node_2338	KP317944.1	29	29	0
node_2338	KP317942.1	98	94	4
node_2337	node_2339	166	166	0
node_2339	JQ901447.1	71	67	4
node_2339	JX015481.1	179	157	22
node_2332	node_2340	101	97	4
node_2341	node_2342	49	49	0
node_2340	node_2341	87	87	0
node_2342	JX015495.1	44	44	0
node_2342	JX015497.1	38	38	0
node_2341	node_2343	0	0	0
node_2343	KF826838.1	29	29	0
node_2345	KJ627337.1	456	150	306
node_2343	KJ627335.1	141	141	0
node_2340	node_2344	44	44	0
node_2344	node_2345	4	4	0
node_2344	node_2346	0	0	0
node_2345	KJ627290.1	2	2	0
node_2346	KJ627257.1	6	6	0
node_2348	node_2349	0	0	0
node_2346	OK649610.1	228	228	0
node_2316	node_2347	136	136	0
node_2347	node_2348	0	0	0
node_2350	node_2351	2	2	0
node_2349	node_2350	23	23	0
node_2351	OK649605.1	1	1	0
node_2351	OK649604.1	7	7	0
node_2352	OK649603.1	2	2	0
node_2350	node_2352	5	5	0
node_2349	node_2353	9	9	0
node_2354	JX015499.1	32	32	0
node_2352	OK649613.1	36	32	4
node_2354	OK649618.1	665	39	626
node_2353	node_2354	17	17	0
node_2353	node_2355	6	6	0
node_2355	OK649638.1	35	35	0
node_2272	node_2273	30089	10984	19105
node_2355	OK649654.1	39	34	5
node_2274	FJ948820.1	30117	10997	19120
node_2348	node_2356	23	23	0
node_2356	node_2357	5	5	0
node_2358	OK649628.1	71	68	3
node_2358	OK649609.1	20	20	0
node_2357	node_2358	0	0	0
node_2357	node_2359	1	1	0
node_2359	OK649620.1	5	5	0
node_2359	OK649611.1	626	2	624
node_2356	node_2360	16	16	0
node_2360	node_2361	10	10	0
node_2361	OK649622.1	10	10	0
node_2361	OK649616.1	353	45	308
node_2362	OK649631.1	312	6	306
node_2360	node_2362	18	18	0
node_2362	OK649630.1	277	11	266
node_2347	node_2363	4	4	0
node_2366	OK649599.1	54	53	1
node_2363	node_2364	17	16	1
node_2364	node_2365	2	2	0
node_2366	OK649629.1	306	0	306
node_2365	node_2366	5	5	0
node_2367	OK649607.1	18	18	0
node_2367	OK649619.1	3	3	0
node_2365	node_2367	0	0	0
node_2364	node_2368	0	0	0
node_2368	node_2369	3	3	0
node_2369	OK649633.1	4	4	0
node_2369	OK649632.1	26	26	0
node_2368	node_2370	2	2	0
node_2370	OK649597.1	13	13	0
node_2363	node_2371	0	0	0
node_2370	KF530263.1	1531	1396	135
node_2371	node_2372	4	4	0
node_2372	node_2373	12	12	0
node_2373	OK649601.1	27	27	0
node_2372	node_2374	1	1	0
node_2373	OK649634.1	356	28	328
node_2374	OK649615.1	48	48	0
node_2374	OK649624.1	47	44	3
node_2375	node_2376	0	0	0
node_2371	node_2375	14	14	0
node_2375	node_2377	5	5	0
node_2376	OK649602.1	35	35	0
node_2376	OK649621.1	326	20	306
node_2377	OK649626.1	24	24	0
node_2377	KJ627274.1	146	142	4
node_2253	node_2378	155	88	67
node_2378	node_2379	906	0	906
node_2379	node_2380	15	15	0
node_2380	node_2381	59	59	0
node_2381	node_2382	6	2	4
node_2382	node_2383	10	10	0
node_2383	KJ627362.1	19	19	0
node_2383	node_2384	1	1	0
node_2384	KJ627282.1	28	21	7
node_2382	node_2385	42	42	0
node_2386	KJ627266.1	75	72	3
node_2385	node_2386	0	0	0
node_2384	KJ627288.1	35	32	3
node_2385	node_2387	0	0	0
node_2386	KF826821.1	55	55	0
node_2387	JF920046.1	336	31	305
node_2387	JF920048.1	24	24	0
node_2388	node_2389	0	0	0
node_2381	node_2388	25	25	0
node_2389	node_2390	94	90	4
node_2390	JF920047.1	331	26	305
node_2390	KF826840.1	78	78	0
node_2389	node_2391	22	20	2
node_2391	KJ627281.1	1	1	0
node_2391	KJ627369.1	0	0	0
node_2392	node_2393	21	19	2
node_2388	node_2392	0	0	0
node_2393	KJ627338.1	308	2	306
node_2393	KJ627354.1	2	2	0
node_2392	node_2394	1	1	0
node_2394	KJ627293.1	31	31	0
node_2380	node_2395	65	65	0
node_2394	JF920049.1	107	100	7
node_2398	JF920050.1	46	42	4
node_2395	node_2396	0	0	0
node_2398	JF920051.1	70	54	16
node_2396	node_2397	77	77	0
node_2397	node_2398	5	5	0
node_2397	node_2399	0	0	0
node_2399	MF001047.1	136	132	4
node_2399	JX015491.1	133	133	0
node_2400	node_2401	0	0	0
node_2396	node_2400	54	54	0
node_2401	JX015484.1	310	4	306
node_2401	JX015489.1	8	8	0
node_2400	node_2402	0	0	0
node_2402	OK649623.1	49	45	4
node_2402	JX015492.1	1	1	0
node_2404	node_2405	53	53	0
node_2403	node_2404	2	2	0
node_2395	node_2403	0	0	0
node_2405	JX015490.1	14	10	4
node_2405	JX015493.1	316	15	301
node_2404	node_2406	23	23	0
node_2406	OK649663.1	14	14	0
node_2408	KP317926.1	515	515	0
node_2403	node_2407	2	2	0
node_2407	node_2408	333	29	304
node_2406	OK649667.1	7	7	0
node_2408	KF826831.1	37	37	0
node_2409	JX015482.1	9	9	0
node_2407	node_2409	55	55	0
node_2410	node_2411	5	5	0
node_2379	node_2410	6	2	4
node_2411	node_2412	22	10	12
node_2412	node_2413	380	380	0
node_2409	KJ627363.1	10017	5902	4115
node_2413	node_2414	4	4	0
node_2414	JX015494.1	433	433	0
node_2414	KF530258.1	344	341	3
node_2415	node_2416	12	12	0
node_2413	KF530264.1	2455	1913	542
node_2412	node_2415	279	278	1
node_2415	node_2417	13	13	0
node_2417	MH181896.1	2815	2486	329
node_2416	MH181882.1	2	2	0
node_2411	node_2418	320	1	319
node_2416	MH181892.1	2261	1784	477
node_2417	MH181895.1	138	138	0
node_2418	node_2419	19	18	1
node_2420	KP317951.1	513	506	7
node_2419	node_2420	126	122	4
node_2420	KP317953.1	308	2	306
node_2419	node_2421	13	3	10
node_2421	MH181878.1	542	239	303
node_2421	KJ627328.1	93	92	1
node_2418	node_2422	72	71	1
node_2422	node_2423	3	3	0
node_2423	KX655688.1	417	417	0
node_2423	MK109774.1	4	4	0
node_2424	KX655617.1	2	2	0
node_2422	node_2424	5	5	0
node_2424	KX655622.1	312	6	306
node_2410	node_2425	168	40	128
node_2425	node_2426	68	27	41
node_2426	node_2427	0	0	0
node_2428	KX655678.1	2	2	0
node_2428	KX655650.1	4	4	0
node_2427	node_2428	0	0	0
node_2427	node_2429	0	0	0
node_2429	KX655628.1	313	7	306
node_2429	KX655673.1	5	5	0
node_2426	node_2430	117	117	0
node_2430	node_2431	0	0	0
node_2430	node_2432	25	25	0
node_2431	KX655636.1	7	7	0
node_2431	MK109785.1	118	118	0
node_2432	KX655694.1	116	116	0
node_2432	KX655637.1	98	98	0
node_2435	MF001052.1	8	8	0
node_2425	node_2433	24	24	0
node_2433	node_2434	6	6	0
node_2434	node_2435	22	18	4
node_2434	node_2436	3	3	0
node_2435	MN078110.1	187	189	-2
node_2436	MF001054.1	367	63	304
node_2433	node_2437	69	15	54
node_2436	MK109787.1	49	49	0
node_2437	node_2438	1	1	0
node_2438	KF826833.1	341	35	306
node_2438	MK109776.1	73	69	4
node_2437	node_2439	36	36	0
node_2439	KX655670.1	288	284	4
node_2439	MN604236.1	72	72	0
node_2440	node_2441	38	38	0
node_2378	node_2440	0	0	0
node_2441	node_2442	16	16	0
node_2443	node_2444	17	17	0
node_2442	node_2443	0	0	0
node_2444	node_2445	0	0	0
node_2445	OK649652.1	121	114	7
node_2444	KX655691.1	49	46	3
node_2443	node_2446	5	5	0
node_2445	KJ627270.1	25	25	0
node_2446	node_2447	0	0	0
node_2447	KJ627313.1	4	4	0
node_2447	KJ627298.1	3	3	0
node_2446	node_2448	0	0	0
node_2448	KJ627325.1	6	6	0
node_2448	KJ627329.1	310	4	306
node_2442	node_2449	3	3	0
node_2449	node_2450	0	0	0
node_2450	node_2451	0	0	0
node_2451	KJ627296.1	3	3	0
node_2451	KJ627273.1	3	3	0
node_2452	KJ627292.1	6	6	0
node_2450	node_2452	0	0	0
node_2449	node_2453	0	0	0
node_2452	KJ627307.1	12	12	0
node_2454	KJ627371.1	3	3	0
node_2454	KJ627358.1	16	16	0
node_2453	node_2454	3	3	0
node_2453	node_2455	2	2	0
node_2455	KJ627357.1	2	2	0
node_2455	KJ627345.1	1	1	0
node_2441	node_2456	25	25	0
node_2456	node_2457	0	0	0
node_2457	node_2458	44	44	0
node_2458	node_2459	0	0	0
node_2459	KJ627269.1	5	5	0
node_2459	KJ627334.1	9	9	0
node_2458	node_2460	0	0	0
node_2460	KJ627263.1	9	9	0
node_2460	KJ627258.1	21	17	4
node_2457	node_2461	22	22	0
node_2461	node_2462	0	0	0
node_2462	KJ627333.1	89	85	4
node_2462	KX655634.1	4	4	0
node_2461	node_2463	0	0	0
node_2463	KX655618.1	1	1	0
node_2456	node_2464	132	0	132
node_2465	node_2466	0	0	0
node_2466	KX655667.1	86	86	0
node_2463	KX655635.1	426	120	306
node_2464	node_2465	26	22	4
node_2466	KX655697.1	3	3	0
node_2467	KX655668.1	428	122	306
node_2465	node_2467	182	182	0
node_2467	KX655651.1	1	1	0
node_2464	node_2468	3	3	0
node_2468	node_2469	0	0	0
node_2469	MK109773.1	20	20	0
node_2469	KX655696.1	14	14	0
node_2468	node_2470	23	23	0
node_2470	KX655619.1	67	67	0
node_2470	KX655672.1	0	0	0
node_2440	node_2471	31	29	2
node_2471	node_2472	4	4	0
node_2472	node_2473	1	1	0
node_2473	node_2474	45	45	0
node_2475	KX655623.1	212	212	0
node_2474	node_2475	3	3	0
node_2474	node_2476	1	1	0
node_2475	KF826855.1	14	14	0
node_2476	OK649636.1	36	36	0
node_2473	node_2477	110	74	36
node_2476	JF920055.1	262	261	1
node_2478	KJ627303.1	436	130	306
node_2477	node_2478	5	5	0
node_2478	KJ627308.1	0	0	0
node_2479	KJ627356.1	4	4	0
node_2477	node_2479	3	3	0
node_2479	KJ627343.1	0	0	0
node_2472	node_2480	1	1	0
node_2481	node_2482	26	26	0
node_2480	node_2481	76	51	25
node_2482	OK649643.1	4	4	0
node_2482	OK649644.1	307	1	306
node_2481	node_2483	0	0	0
node_2480	node_2484	163	163	0
node_2483	MF554738.1	547	237	310
node_2483	OK649650.1	4	4	0
node_2485	MF973157.1	390	82	308
node_2484	node_2485	24	24	0
node_2485	JF920054.1	126	126	0
node_2486	MH760604.1	435	126	309
node_2484	node_2486	27	27	0
node_2486	JX015483.1	271	271	0
node_2471	node_2487	21	21	0
node_2487	node_2488	8	8	0
node_2490	KM578843.1	143	138	5
node_2488	node_2489	62	62	0
node_2489	node_2490	21	21	0
node_2490	KX765910.1	38	38	0
node_2489	node_2491	2	2	0
node_2491	KX655632.1	69	69	0
node_2491	KX655647.1	46	46	0
node_2488	node_2492	20	20	0
node_2492	node_2493	1	1	0
node_2493	KY654511.1	88	88	0
node_2493	KX765942.1	327	21	306
node_2494	KX765918.1	75	75	0
node_2492	node_2494	0	0	0
node_2494	KJ939970.1	80	77	3
node_2487	node_2495	97	97	0
node_2495	node_2496	0	0	0
node_2497	MF554737.1	31	30	1
node_2496	node_2497	170	171	-1
node_2497	MF001041.1	27	27	0
node_2498	KJ939949.1	19	16	3
node_2495	node_2499	1	1	0
node_2499	node_2500	4	1	3
node_2496	node_2498	1	1	0
node_2498	KJ939968.1	18	18	0
node_2500	KJ939942.1	19	19	0
node_2500	KJ939969.1	16	16	0
node_2499	node_2501	21	21	0
node_2501	KJ939956.1	323	18	305
node_2501	KJ939952.1	25	25	0
node_2503	node_2504	191	191	0
node_2502	node_2503	278	58	220
node_2505	node_2506	98	98	0
node_2504	node_2505	15	15	0
node_2002	node_2502	559	254	305
node_2506	node_2507	50	52	-2
node_2507	node_2508	1	1	0
node_2508	node_2509	21	21	0
node_2510	KJ939953.1	58	58	0
node_2509	node_2510	0	0	0
node_2508	node_2511	0	0	0
node_2510	KJ939959.1	19	16	3
node_2512	KJ939958.1	32	32	0
node_2511	node_2513	1	1	0
node_2512	KJ939951.1	13	10	3
node_2511	node_2512	0	0	0
node_2513	KJ939946.1	22	19	3
node_2509	KJ939957.1	13	13	0
node_2513	KJ939945.1	7	7	0
node_2507	node_2514	0	0	0
node_2514	node_2515	4	1	3
node_2515	node_2517	14	14	0
node_2516	KJ939941.1	12	12	0
node_2516	KJ939967.1	20	17	3
node_2517	KJ939962.1	1	1	0
node_2517	KJ939964.1	1	1	0
node_2515	node_2516	0	0	0
node_2514	node_2518	5	5	0
node_2519	KJ939960.1	7	7	0
node_2519	KJ939950.1	13	13	0
node_2518	node_2519	0	0	0
node_2518	node_2520	9	9	0
node_2520	KJ939944.1	13	13	0
node_2506	node_2521	18	18	0
node_2520	KJ939963.1	8	5	3
node_2521	node_2522	110	110	0
node_2522	node_2523	384	60	324
node_2523	node_2524	113	63	50
node_2524	MF973160.1	219	219	0
node_2524	JX015479.1	63	63	0
node_2523	node_2525	4	4	0
node_2525	MH760592.1	230	230	0
node_2525	KX655615.1	424	103	321
node_2522	node_2526	2	2	0
node_2527	KJ627267.1	29	29	0
node_2526	node_2527	0	0	0
node_2527	KX655630.1	84	84	0
node_2526	node_2528	0	0	0
node_2528	KJ627275.1	28	28	0
node_2521	node_2529	1	1	0
node_2528	MH760595.1	568	242	326
node_2529	node_2530	0	0	0
node_2530	node_2531	9	9	0
node_2530	node_2532	2	2	0
node_2531	MH760598.1	687	357	330
node_2532	KF530261.1	147	147	0
node_2531	KJ939965.1	31	33	-2
node_2529	node_2533	23	23	0
node_2532	KJ939938.1	32	29	3
node_2533	node_2534	1	1	0
node_2534	KJ939937.1	3	3	0
node_2534	KJ939939.1	5	5	0
node_2535	KJ939935.1	7	7	0
node_2533	node_2535	1	1	0
node_2535	KJ939936.1	7	4	3
node_2536	node_2537	0	0	0
node_2505	node_2536	2	2	0
node_2537	node_2538	103	73	30
node_2538	node_2539	24	24	0
node_2539	KJ939940.1	56	56	0
node_2539	node_2540	2	2	0
node_2540	MN078111.1	831	489	342
node_2541	node_2542	7	7	0
node_2538	node_2541	45	45	0
node_2542	MG431255.1	330	5	325
node_2540	KF826856.1	59	59	0
node_2542	OK649648.1	14	14	0
node_2543	OK649641.1	9	9	0
node_2541	node_2543	4	4	0
node_2543	OK649645.1	14	14	0
node_2537	node_2544	116	2	114
node_2546	OK649651.1	88	88	0
node_2545	node_2546	39	39	0
node_2544	node_2545	4	4	0
node_2546	KF826817.1	1255	933	322
node_2545	node_2547	7	7	0
node_2547	OK649655.1	97	97	0
node_2547	KJ627259.1	55	55	0
node_2549	KJ627322.1	9	9	0
node_2544	node_2548	60	60	0
node_2549	KJ627246.1	456	130	326
node_2548	node_2549	0	0	0
node_2536	node_2551	44	44	0
node_2550	KJ627349.1	10	10	0
node_2550	KJ627304.1	9	9	0
node_2548	node_2550	0	0	0
node_2552	node_2553	30	30	0
node_2551	node_2552	1	1	0
node_2554	KJ627300.1	46	46	0
node_2553	node_2554	4	4	0
node_2554	MH760597.1	596	268	328
node_2553	node_2555	0	0	0
node_2555	KJ627256.1	30	30	0
node_2556	node_2557	0	0	0
node_2555	KJ627271.1	54	53	1
node_2552	node_2556	5	5	0
node_2557	KJ627372.1	11	11	0
node_2557	KJ627301.1	0	0	0
node_2558	KJ627309.1	3	3	0
node_2558	KJ627268.1	1	1	0
node_2556	node_2558	0	0	0
node_2551	node_2559	93	1	92
node_2559	node_2560	8	0	8
node_2560	node_2561	0	0	0
node_2560	node_2562	0	0	0
node_2561	KJ627253.1	478	152	326
node_2562	KJ627245.1	5	5	0
node_2561	KJ627261.1	7	5	2
node_2559	node_2563	1	1	0
node_2562	KJ627365.1	1	1	0
node_2563	node_2564	333	9	324
node_2564	KJ627279.1	139	139	0
node_2564	KJ627367.1	0	0	0
node_2563	node_2565	18	18	0
node_2565	KJ627312.1	9	9	0
node_2504	node_2566	44	12	32
node_2565	KJ627320.1	8	8	0
node_2567	node_2568	144	32	112
node_2566	node_2567	19	19	0
node_2569	node_2570	0	0	0
node_2568	node_2569	0	0	0
node_2570	KJ627355.1	2	2	0
node_2570	node_2571	3	3	0
node_2569	node_2572	0	0	0
node_2571	KJ627295.1	0	0	0
node_2571	KJ627346.1	326	0	326
node_2572	node_2573	326	0	326
node_2573	KJ627326.1	3	3	0
node_2572	node_2574	2	2	0
node_2573	KJ627297.1	133	133	0
node_2574	KJ627252.1	5	5	0
node_2568	node_2575	0	0	0
node_2574	KJ627370.1	23	19	4
node_2575	node_2576	326	0	326
node_2576	node_2577	0	0	0
node_2577	KJ627351.1	342	13	329
node_2577	KJ627287.1	6	6	0
node_2578	KJ627283.1	9	9	0
node_2578	KJ627250.1	25	10	15
node_2576	node_2578	0	0	0
node_2575	node_2579	28	28	0
node_2579	node_2580	2	2	0
node_2580	KJ627306.1	2	2	0
node_2579	node_2581	9	9	0
node_2580	KJ627318.1	6	6	0
node_2581	KJ627373.1	1	1	0
node_2583	node_2584	4	4	0
node_2581	KJ627291.1	4	4	0
node_2567	node_2582	15	15	0
node_2582	node_2583	0	0	0
node_2584	node_2585	8	8	0
node_2585	KJ627360.1	6	6	0
node_2585	KJ627315.1	332	6	326
node_2584	node_2586	0	0	0
node_2586	KJ627272.1	14	14	0
node_2586	MG431254.1	120	117	3
node_2583	node_2587	0	0	0
node_2587	node_2588	18	15	3
node_2588	KJ627344.1	2	2	0
node_2588	KJ627319.1	8	8	0
node_2587	node_2589	26	16	10
node_2589	KJ627294.1	18	18	0
node_2589	KJ627286.1	336	10	326
node_2582	node_2590	768	443	325
node_2590	node_2591	0	0	0
node_2593	KX510139.1	6	6	0
node_2591	node_2593	0	0	0
node_2591	node_2592	0	0	0
node_2592	KX510155.1	4	4	0
node_2592	KJ627350.1	462	462	0
node_2593	KX510233.1	2619	2417	202
node_2594	node_2595	11	11	0
node_2590	node_2594	0	0	0
node_2595	KP317920.1	329	3	326
node_2595	KP317936.1	6	6	0
node_2594	node_2596	3	3	0
node_2596	KX510172.1	0	0	0
node_2596	KX510163.1	326	0	326
node_2566	node_2597	404	404	0
node_2597	node_2598	334	8	326
node_2598	node_2599	0	0	0
node_2599	node_2600	0	0	0
node_2601	KP317921.1	24	24	0
node_2600	node_2601	13	13	0
node_2601	KX510136.1	3	3	0
node_2602	KX510179.1	1	1	0
node_2600	node_2602	0	0	0
node_2599	node_2603	0	0	0
node_2602	KX510259.1	0	0	0
node_2603	node_2604	1	1	0
node_2604	KX510263.1	0	0	0
node_2604	KX510185.1	0	0	0
node_2603	node_2605	0	0	0
node_2605	KX510223.1	0	0	0
node_2598	node_2606	1	1	0
node_2606	node_2607	0	0	0
node_2605	KX510256.1	5012	3957	1055
node_2607	node_2608	516	451	65
node_2608	KX510246.1	410	84	326
node_2608	KX510149.1	1398	1313	85
node_2607	node_2609	0	0	0
node_2609	KX510234.1	1	1	0
node_2609	KX510252.1	0	0	0
node_2610	node_2611	0	0	0
node_2606	node_2610	0	0	0
node_2611	KX510214.1	1219	1219	0
node_2612	KX510238.1	0	0	0
node_2611	KX510143.1	326	0	326
node_2610	node_2612	0	0	0
node_2612	KX510176.1	4	4	0
node_2597	node_2613	8	8	0
node_2614	node_2615	17	17	0
node_2613	node_2614	0	0	0
node_2615	node_2616	0	0	0
node_2616	KX510153.1	0	0	0
node_2616	KX510244.1	1093	998	95
node_2615	node_2617	0	0	0
node_2617	KX510145.1	1	1	0
node_2617	KX510194.1	499	173	326
node_2614	node_2618	142	142	0
node_2618	node_2619	2050	2050	0
node_2619	KX510160.1	438	434	4
node_2620	KX510156.1	142	142	0
node_2618	node_2620	0	0	0
node_2619	KX510224.1	468	142	326
node_2613	node_2621	4	4	0
node_2620	KX510221.1	8941	7430	1511
node_2621	node_2622	3932	3618	314
node_2622	node_2623	3429	2272	1157
node_2623	KX510203.1	2392	2066	326
node_2622	node_2624	2686	2393	293
node_2624	KX510192.1	408	221	187
node_2624	KX510248.1	1572	8315	-6743
node_2621	node_2625	0	0	0
node_2625	node_2626	1597	1379	218
node_2626	KX510152.1	125	123	2
node_2627	KX510247.1	7	7	0
node_2625	node_2627	0	0	0
node_2503	node_2628	555	229	326
node_2627	KX510166.1	4	4	0
node_2628	node_2629	2	2	0
node_2626	KX510216.1	1484	965	519
node_2623	KX510204.1	11011	2657	8354
node_2629	node_2630	0	0	0
node_2630	node_2631	13	13	0
node_2631	node_2632	0	0	0
node_2632	node_2633	13	13	0
node_2633	KX510206.1	348	22	326
node_2633	node_2634	1075	974	101
node_2632	node_2635	0	0	0
node_2634	KX510228.1	17	17	0
node_2637	KX510188.1	0	0	0
node_2635	node_2636	10	10	0
node_2638	node_2639	0	0	0
node_2636	KX510205.1	16	16	0
node_2635	node_2637	326	0	326
node_2637	KX510164.1	0	0	0
node_2639	node_2640	0	0	0
node_2636	KX510197.1	1078	977	101
node_2631	node_2638	0	0	0
node_2641	KX510154.1	1	1	0
node_2634	KX510181.1	3745	3068	677
node_2640	KX510229.1	0	0	0
node_2639	node_2641	0	0	0
node_2640	KX510258.1	0	0	0
node_2641	KX510175.1	2	2	0
node_2638	node_2642	0	0	0
node_2642	node_2643	1	1	0
node_2643	KX510213.1	1	1	0
node_2643	KX510199.1	0	0	0
node_2642	node_2644	13	1	12
node_2644	KX510226.1	2	2	0
node_2630	node_2645	8	8	0
node_2644	KX510178.1	32	30	2
node_2648	KX510198.1	327	1	326
node_2646	node_2647	0	0	0
node_2645	node_2646	0	0	0
node_2647	node_2648	0	0	0
node_2647	node_2649	0	0	0
node_2648	KX510209.1	542	333	209
node_2649	KX510146.1	2	2	0
node_2646	node_2650	0	0	0
node_2650	node_2651	0	0	0
node_2651	KX510142.1	332	6	326
node_2651	KX510191.1	0	0	0
node_2649	KX510151.1	2603	1910	693
node_2650	node_2652	0	0	0
node_2652	KX510239.1	0	0	0
node_2652	KX510249.1	2349	2061	288
node_2653	node_2654	0	0	0
node_2645	node_2653	0	0	0
node_2654	node_2655	0	0	0
node_2656	KX510212.1	4	4	0
node_2655	KX510168.1	1	1	0
node_2655	KX510207.1	4	4	0
node_2654	node_2656	0	0	0
node_2653	node_2657	8	8	0
node_2656	KX510171.1	0	0	0
node_2657	node_2658	0	0	0
node_2657	node_2659	0	0	0
node_2659	KX510237.1	9	9	0
node_2659	KX510157.1	2	2	0
node_2658	KX510235.1	1	1	0
node_2629	node_2660	0	0	0
node_2660	node_2661	8	8	0
node_2658	KX510165.1	2646	2223	423
node_2661	node_2662	0	0	0
node_2662	node_2663	0	0	0
node_2663	KX510138.1	326	0	326
node_2663	node_2664	581	370	211
node_2664	KX510180.1	445	348	97
node_2664	KX510219.1	8	8	0
node_2665	node_2666	1	1	0
node_2662	node_2665	0	0	0
node_2665	node_2667	326	0	326
node_2666	KX510162.1	0	0	0
node_2666	KX510137.1	0	0	0
node_2667	KX510187.1	4	4	0
node_2668	node_2669	0	0	0
node_2667	KX510217.1	0	0	0
node_2661	node_2668	0	0	0
node_2669	node_2670	0	0	0
node_2670	KX510141.1	3	3	0
node_2670	KX510158.1	4	4	0
node_2669	node_2671	0	0	0
node_2671	KX510140.1	4	4	0
node_2671	KX510225.1	0	0	0
node_2668	node_2672	0	0	0
node_2672	node_2673	0	0	0
node_2673	KX510236.1	4	4	0
node_2672	node_2674	0	0	0
node_2673	KX510260.1	3	3	0
node_2674	KX510184.1	511	185	326
node_2674	KX510231.1	22	22	0
node_2660	node_2675	2	2	0
node_2675	node_2676	20	16	4
node_2677	node_2678	0	0	0
node_2676	node_2677	0	0	0
node_2677	node_2679	0	0	0
node_2678	KX510245.1	0	0	0
node_2676	node_2680	0	0	0
node_2678	KX510159.1	26	22	4
node_2679	KX510202.1	0	0	0
node_2679	KX510251.1	0	0	0
node_2680	node_2681	0	0	0
node_2681	KX510220.1	0	0	0
node_2681	KX510200.1	0	0	0
node_2680	node_2682	0	0	0
node_2682	KX510189.1	0	0	0
node_2683	node_2684	0	0	0
node_2675	node_2683	15	15	0
node_2682	KX510174.1	0	0	0
node_2684	node_2685	35	31	4
node_2684	node_2686	0	0	0
node_2685	KX510215.1	0	0	0
node_2685	KX510193.1	379	53	326
node_2686	KX510195.1	0	0	0
node_2683	node_2687	0	0	0
node_2687	node_2688	0	0	0
node_2686	KX510257.1	1	1	0
node_2688	KX510254.1	0	0	0
node_2689	KX510186.1	0	0	0
node_2688	KX510210.1	0	0	0
node_2687	node_2689	0	0	0
node_2628	node_2690	0	0	0
node_2689	KX510177.1	0	0	0
node_2690	node_2691	10	10	0
node_2691	node_2692	5	5	0
node_2692	node_2693	0	0	0
node_2693	node_2694	0	0	0
node_2694	KX510147.1	0	0	0
node_2694	node_2695	0	0	0
node_2695	KX510169.1	743	586	157
node_2696	node_2697	0	0	0
node_2697	KX510173.1	351	25	326
node_2695	KX510183.1	0	0	0
node_2693	node_2696	0	0	0
node_2696	node_2698	0	0	0
node_2697	KX510167.1	0	0	0
node_2698	KX510150.1	1	1	0
node_2699	node_2700	0	0	0
node_2700	node_2701	0	0	0
node_2692	node_2699	0	0	0
node_2698	KX510196.1	0	0	0
node_2700	node_2702	0	0	0
node_2701	KX510241.1	0	0	0
node_2701	KX510242.1	0	0	0
node_2702	KX510144.1	0	0	0
node_2702	KX510211.1	0	0	0
node_2699	node_2703	326	0	326
node_2703	node_2704	0	0	0
node_2704	KX510240.1	327	1	326
node_2704	KX510262.1	0	0	0
node_2705	KP317935.1	0	0	0
node_2691	node_2706	0	0	0
node_2703	node_2705	5071	5071	0
node_2705	KP317916.1	0	0	0
node_2706	node_2707	0	0	0
node_2708	node_2709	670	554	116
node_2707	node_2708	169	169	0
node_2709	KX510218.1	12	12	0
node_2710	KX510227.1	63	63	0
node_2711	node_2712	0	0	0
node_2710	KX510264.1	332	6	326
node_2708	node_2710	3	3	0
node_2712	KX510250.1	7	7	0
node_2707	node_2711	0	0	0
node_2712	KX510201.1	73	73	0
node_2711	node_2713	2	2	0
node_2713	KX510190.1	0	0	0
node_2706	node_2714	0	0	0
node_2709	KX510255.1	4540	3919	621
node_2713	KX510232.1	4756	3756	1000
node_2714	node_2715	2	2	0
node_2716	KX510222.1	0	0	0
node_2715	node_2717	0	0	0
node_2717	KX510148.1	9	9	0
node_2716	KX510243.1	0	0	0
node_2715	node_2716	0	0	0
node_2717	KX510161.1	326	0	326
node_2714	node_2718	7	7	0
node_2719	KX510230.1	0	0	0
node_2719	KX510170.1	0	0	0
node_2718	node_2720	0	0	0
node_2718	node_2719	0	0	0
node_2720	KX510261.1	428	102	326
node_2720	KX510253.1	65	65	0
node_2690	node_2721	9	9	0
node_2721	node_2722	6	6	0
node_2722	node_2723	2	2	0
node_2724	node_2725	3	3	0
node_2723	node_2724	25	25	0
node_2725	MH181880.1	0	0	0
node_2727	node_2728	55	55	0
node_2726	MH181888.1	9	9	0
node_2725	MH181881.1	217	217	0
node_2723	node_2727	213	213	0
node_2724	node_2726	6	2	4
node_2728	MH181890.1	20	20	0
node_2726	MH181885.1	68	68	0
node_2728	MH181886.1	362	36	326
node_2727	node_2729	95	95	0
node_2722	node_2730	14	14	0
node_2730	node_2731	20	20	0
node_2729	MH181898.1	307	307	0
node_2729	MH181887.1	1651	1514	137
node_2731	node_2732	0	0	0
node_2732	MH181894.1	19	19	0
node_2732	MH181879.1	3	3	0
node_2731	node_2733	32	32	0
node_2730	node_2734	9	9	0
node_2733	MH181883.1	248	248	0
node_2733	MH181889.1	1	1	0
node_2734	node_2735	15	15	0
node_2735	KJ939955.1	908	582	326
node_2735	KX510208.1	396	279	117
node_2734	node_2736	38	38	0
node_2736	MH181902.1	273	273	0
node_2737	node_2738	56	56	0
node_2721	node_2737	783	457	326
node_2736	MH181903.1	748	361	387
node_2739	node_2740	54	54	0
node_2738	node_2739	36	33	3
node_2740	KJ939961.1	4	4	0
node_2740	KJ939971.1	331	5	326
node_2741	KJ939966.1	7	4	3
node_2741	KJ939947.1	4	4	0
node_2739	node_2741	66	66	0
node_2738	node_2742	0	0	0
node_2742	node_2743	47	47	0
node_2743	JX015498.1	34	31	3
node_2743	KF826830.1	18	18	0
node_2742	node_2744	100	100	0
node_2744	KX655692.1	75	75	0
node_2737	node_2745	75	71	4
node_2744	KX765958.1	57	53	4
node_2745	node_2746	0	0	0
node_2747	MK109775.1	9	9	0
node_2746	node_2747	0	0	0
node_2747	KX765946.1	466	141	325
node_2746	node_2748	0	0	0
node_2748	KX655627.1	29	29	0
node_2748	KX655662.1	7	7	0
node_2745	node_2749	0	0	0
node_2749	node_2750	3	3	0
node_2750	KX655676.1	14	14	0
node_2750	KX655616.1	4	4	0
node_2749	node_2751	143	139	4
node_2751	KY782635.1	65	64	1
node_2751	KM517572.1	63	59	4
node_2752	node_2753	216	106	110
node_2502	node_2752	43	39	4
node_2753	node_2754	1	2	-1
node_2754	node_2755	54	54	0
node_2755	node_2756	0	0	0
node_2756	node_2757	221	183	38
node_2757	node_2758	0	0	0
node_2758	JX015496.1	151	151	0
node_2758	node_2759	14	14	0
node_2759	KX655679.1	50	50	0
node_2759	KX655657.1	5	5	0
node_2757	node_2760	0	0	0
node_2760	node_2761	193	193	0
node_2761	KX655656.1	79	79	0
node_2761	MH760596.1	31	31	0
node_2760	node_2762	16	12	4
node_2762	KJ627316.1	19	19	0
node_2762	KX655643.1	108	108	0
node_2756	node_2763	0	0	0
node_2764	node_2765	65	65	0
node_2765	MH760594.1	24	24	0
node_2763	node_2764	11	11	0
node_2764	node_2766	123	120	3
node_2765	MH181884.1	9035	7823	1212
node_2766	MH181904.1	17	17	0
node_2766	MH181905.1	55	51	4
node_2767	node_2769	3	3	0
node_2768	KX655687.1	21	21	0
node_2763	node_2767	66	66	0
node_2767	node_2768	26	26	0
node_2768	MF973161.1	356	354	2
node_2769	MK109772.1	168	168	0
node_2769	MK109763.1	500	173	327
node_2755	node_2770	70	70	0
node_2770	node_2771	3	3	0
node_2771	node_2772	57	57	0
node_2772	node_2773	0	0	0
node_2773	MK109777.1	32	32	0
node_2773	KX655631.1	6	6	0
node_2774	KX655659.1	153	153	0
node_2774	KX655665.1	48	48	0
node_2772	node_2774	9	9	0
node_2771	node_2775	31	31	0
node_2775	node_2776	0	0	0
node_2775	node_2777	12	12	0
node_2776	KX655695.1	2	2	0
node_2777	KX655638.1	177	174	3
node_2770	node_2778	2	2	0
node_2777	KX655699.1	1	1	0
node_2779	node_2780	50	50	0
node_2776	KX655620.1	11	11	0
node_2778	node_2779	0	0	0
node_2780	KX765928.1	218	216	2
node_2779	node_2781	45	45	0
node_2780	KX655682.1	26	26	0
node_2781	KX655680.1	125	124	1
node_2781	KX655621.1	2	2	0
node_2782	node_2783	39	38	1
node_2778	node_2782	0	0	0
node_2783	KX655689.1	4	4	0
node_2783	KX655663.1	30	30	0
node_2782	node_2784	76	76	0
node_2784	KX655658.1	520	200	320
node_2784	MH181900.1	87	87	0
node_2754	node_2785	0	0	0
node_2785	node_2786	6	6	0
node_2787	node_2788	21	21	0
node_2786	node_2787	60	60	0
node_2788	node_2789	0	0	0
node_2788	MH181901.1	0	0	0
node_2787	node_2790	539	214	325
node_2789	MH181897.1	1890	1659	231
node_2789	MH181899.1	0	0	0
node_2790	node_2791	24	23	1
node_2791	MH181907.1	62	62	0
node_2791	MH181906.1	586	260	326
node_2790	node_2792	584	487	97
node_2792	MH181893.1	500	496	4
node_2793	node_2794	19	19	0
node_2794	node_2795	2	2	0
node_2786	node_2793	18	18	0
node_2792	MH181891.1	110	110	0
node_2795	KX765960.1	667	343	324
node_2796	MH760605.1	26	26	0
node_2795	KJ627374.1	227	227	0
node_2794	node_2796	30	30	0
node_2793	node_2797	328	323	5
node_2797	node_2798	0	0	0
node_2798	KX765931.1	1	1	0
node_2796	MH760641.1	64	59	5
node_2797	node_2799	0	0	0
node_2798	KX765894.1	475	5	470
node_2785	node_2800	186	186	0
node_2799	KX765938.1	5	5	0
node_2799	KX765911.1	2	2	0
node_2800	node_2801	41	41	0
node_2801	node_2802	48	48	0
node_2802	node_2803	112	8	104
node_2803	KX765901.1	187	187	0
node_2803	KX765936.1	79	79	0
node_2802	node_2804	7	7	0
node_2804	KX765967.1	85	85	0
node_2804	MH760593.1	321	321	0
node_2806	JF920053.1	381	55	326
node_2805	node_2806	0	0	0
node_2801	node_2805	15	15	0
node_2806	KF826849.1	43	44	-1
node_2805	node_2807	0	0	0
node_2808	node_2809	0	0	0
node_2807	KF530269.1	100	100	0
node_2800	node_2808	52	44	8
node_2809	node_2810	10	10	0
node_2807	JF920052.1	351	25	326
node_2810	KX655677.1	198	197	1
node_2809	node_2811	34	30	4
node_2811	KJ672436.1	2	2	0
node_2808	node_2812	0	0	0
node_2811	KJ672459.1	330	4	326
node_2810	KC978856.1	89	89	0
node_2813	KX894796.1	2	2	0
node_2812	node_2813	34	30	4
node_2813	KU950661.1	67	67	0
node_2812	node_2814	39	39	0
node_2814	KX765920.1	5	5	0
node_2814	KX765934.1	3	3	0
node_2815	node_2816	240	200	40
node_2753	node_2815	25	25	0
node_2816	node_2817	4	4	0
node_2817	node_2818	38	38	0
node_2818	node_2819	732	43	689
node_2819	KX765969.1	8	8	0
node_2820	KX765937.1	1	1	0
node_2821	node_2822	0	0	0
node_2819	node_2820	14	14	0
node_2820	KX765953.1	689	11	678
node_2818	node_2821	0	0	0
node_2822	MH760603.1	257	257	0
node_2821	node_2823	3	3	0
node_2822	KX765913.1	48	48	0
node_2823	KP663728.1	446	122	324
node_2817	node_2824	0	0	0
node_2823	KX655666.1	98	95	3
node_2824	node_2825	97	11	86
node_2826	KC731483.1	77	77	0
node_2825	node_2826	3	3	0
node_2826	KX655639.1	57	57	0
node_2825	node_2827	1	1	0
node_2827	MF001039.1	169	169	0
node_2827	OK649680.1	91	91	0
node_2824	node_2828	26	26	0
node_2829	KX655675.1	78	76	2
node_2828	node_2829	20	20	0
node_2828	node_2830	33	33	0
node_2830	MH760601.1	226	226	0
node_2831	node_2832	43	43	0
node_2829	KY654510.1	65	65	0
node_2816	node_2831	10	10	0
node_2830	KX655652.1	333	7	326
node_2834	MF001051.1	3	3	0
node_2832	node_2833	0	0	0
node_2834	MF001049.1	5	5	0
node_2833	node_2834	47	47	0
node_2833	node_2835	7	7	0
node_2832	node_2836	44	44	0
node_2835	KY654508.1	381	55	326
node_2835	KX765924.1	4073	4073	0
node_2836	node_2837	1	1	0
node_2837	KY654509.1	11	11	0
node_2836	node_2838	0	0	0
node_2837	KY654507.1	16	16	0
node_2838	KY654506.1	13	13	0
node_2838	MH760600.1	320	320	0
node_2841	KY460517.1	318	317	1
node_2831	node_2839	469	469	0
node_2840	node_2841	269	269	0
node_2840	node_2842	115	115	0
node_2841	MN078109.1	274	273	1
node_2843	node_2844	0	0	0
node_2842	MN630094.1	107	107	0
node_2842	MN630091.1	196	196	0
node_2839	node_2840	15	15	0
node_2839	node_2843	51	51	0
node_2843	node_2845	0	0	0
node_2844	MN630092.1	132	132	0
node_2844	MN630107.1	257	257	0
node_2845	MN630097.1	318	318	0
node_2845	MN630095.1	423	423	0
node_2815	node_2846	16	16	0
node_2846	node_2847	12	12	0
node_2847	node_2848	213	213	0
node_2848	node_2849	7	7	0
node_2849	node_2850	0	0	0
node_2850	OK649639.1	32	31	1
node_2849	node_2851	0	0	0
node_2851	KU950652.1	50	49	1
node_2850	OK649647.1	51	51	0
node_2852	node_2853	9	9	0
node_2848	node_2852	328	2	326
node_2851	OK649675.1	46	45	1
node_2853	MF001043.1	38	38	0
node_2852	node_2854	4	4	0
node_2853	MK167036.1	34	34	0
node_2854	KX765896.1	416	90	326
node_2854	OK649640.1	58	58	0
node_2847	node_2855	53	45	8
node_2856	node_2857	75	75	0
node_2855	node_2856	2	2	0
node_2857	MF001056.1	17	17	0
node_2857	MF001050.1	131	131	0
node_2858	MF001053.1	224	224	0
node_2856	node_2858	0	0	0
node_2855	node_2859	119	104	15
node_2858	MN251607.1	781	420	361
node_2860	MN078112.1	14	14	0
node_2859	node_2861	2	2	0
node_2859	node_2860	0	0	0
node_2860	MN071210.1	145	103	42
node_2861	MN536991.1	730	729	1
node_2862	node_2863	8	8	0
node_2861	MN071221.1	168	164	4
node_2863	node_2864	15	15	0
node_2846	node_2862	331	133	198
node_2864	node_2865	1	1	0
node_2865	MN531557.1	225	225	0
node_2864	node_2866	476	7	469
node_2865	MN071212.1	446	443	3
node_2866	MN078116.1	77	77	0
node_2866	MN078114.1	57	57	0
node_2863	node_2867	0	0	0
node_2868	MN536992.1	254	254	0
node_2867	node_2868	1	1	0
node_2867	node_2869	34	34	0
node_2868	MN078117.1	69	69	0
node_2862	node_2870	662	195	467
node_2871	node_2872	1	1	0
node_2869	MH760613.1	130	127	3
node_2870	node_2871	29	29	0
node_2869	KX655626.1	26	26	0
node_2871	node_2873	0	0	0
node_2872	MH181967.1	1	1	0
node_2873	MH181935.1	6	6	0
node_2872	KY883572.2	1111	645	466
node_2870	node_2874	93	93	0
node_2873	MH181951.1	0	0	0
node_2874	node_2875	2	2	0
node_2875	MH181952.1	4	4	0
node_2875	MH181979.1	506	36	470
node_2874	node_2876	2	2	0
node_2876	MH181984.1	16	16	0
node_2876	MH181969.1	25	25	0
node_2752	node_2877	454	249	205
node_2877	node_2878	208	208	0
node_2878	node_2879	9	3	6
node_2882	node_2883	8	8	0
node_2880	node_2881	1	1	0
node_2879	node_2880	103	103	0
node_2882	MH181958.1	10	10	0
node_2881	node_2882	11	11	0
node_2883	MH181963.1	630	160	470
node_2884	node_2886	110	110	0
node_2885	MH181923.1	60	60	0
node_2883	MH181980.1	3	3	0
node_2884	node_2885	0	0	0
node_2881	node_2884	594	124	470
node_2885	MH181920.1	116	116	0
node_2880	node_2887	2	2	0
node_2886	MH181932.1	76	76	0
node_2886	MH181916.1	29	29	0
node_2887	node_2888	16	16	0
node_2888	node_2889	10	10	0
node_2889	MH181919.1	3	3	0
node_2889	MH181917.1	41	41	0
node_2888	node_2890	4	4	0
node_2887	node_2891	0	0	0
node_2890	MH181918.1	29	29	0
node_2890	MH181925.1	10	10	0
node_2891	node_2892	0	0	0
node_2892	MH181910.1	27	27	0
node_2892	MH181927.1	126	126	0
node_2894	node_2895	206	26	180
node_2891	node_2893	0	0	0
node_2879	node_2894	11	11	0
node_2893	MH181929.1	10	10	0
node_2893	MH181928.1	176	176	0
node_2895	node_2896	99	99	0
node_2896	node_2897	2	2	0
node_2897	MH181945.1	29	29	0
node_2897	MH181950.1	14	14	0
node_2896	node_2898	1	1	0
node_2898	MH181946.1	32	32	0
node_2895	node_2899	8	8	0
node_2898	MH181943.1	87	87	0
node_2899	node_2900	0	0	0
node_2900	MH181985.1	74	74	0
node_2901	MH181954.1	84	84	0
node_2899	node_2901	103	103	0
node_2900	MH181944.1	0	0	0
node_2901	MH181981.1	512	42	470
node_2894	node_2902	470	0	470
node_2902	node_2903	83	83	0
node_2903	node_2904	13	13	0
node_2904	MH181959.1	8	8	0
node_2904	MH181936.1	90	90	0
node_2902	node_2906	5	5	0
node_2905	MH181908.1	497	27	470
node_2905	MH181909.1	79	79	0
node_2903	node_2905	0	0	0
node_2906	node_2907	106	106	0
node_2907	MH181926.1	571	101	470
node_2907	MH181978.1	1	1	0
node_2908	MH181986.1	97	97	0
node_2906	node_2908	0	0	0
node_2908	MH181968.1	113	113	0
node_2878	node_2909	56	56	0
node_2909	node_2910	187	187	0
node_2912	MH181983.1	58	58	0
node_2910	node_2911	0	0	0
node_2911	node_2912	15	15	0
node_2912	node_2913	0	0	0
node_2914	node_2915	0	0	0
node_2913	MH181941.1	28	28	0
node_2915	MH181955.1	3	3	0
node_2913	MH181948.1	20	20	0
node_2911	node_2914	37	37	0
node_2914	node_2916	1	1	0
node_2915	MH181964.1	2	2	0
node_2916	MH181970.1	2	2	0
node_2910	node_2917	20	20	0
node_2916	MH181937.1	474	5	469
node_2917	node_2918	142	142	0
node_2919	MH181942.1	564	94	470
node_2918	node_2919	3	3	0
node_2919	MH181957.1	2	2	0
node_2918	node_2920	111	111	0
node_2920	MH181939.1	474	4	470
node_2920	MH181965.1	4	4	0
node_2917	node_2921	17	17	0
node_2921	node_2922	26	26	0
node_2922	MH181961.1	17	17	0
node_2922	MH181989.1	267	267	0
node_2923	MH181971.1	24	24	0
node_2921	node_2923	93	93	0
node_2923	MH181947.1	574	104	470
node_2924	node_2925	617	148	469
node_2909	node_2924	1	1	0
node_2925	node_2926	24	24	0
node_2927	MH181975.1	31	31	0
node_2926	node_2927	0	0	0
node_2927	MH181953.1	10	10	0
node_2926	node_2928	1	1	0
node_2928	MH181962.1	1	1	0
node_2928	MH181988.1	778	309	469
node_2925	node_2929	156	156	0
node_2929	node_2930	2	2	0
node_2930	MH181990.1	123	123	0
node_2930	MH181940.1	687	217	470
node_2929	node_2931	98	98	0
node_2931	MH181973.1	5	5	0
node_2931	MH181966.1	52	52	0
node_2924	node_2932	165	159	6
node_2932	node_2933	1	1	0
node_2933	node_2934	0	0	0
node_2934	MH181915.1	595	126	469
node_2934	MH181912.1	3	3	0
node_2933	node_2935	0	0	0
node_2935	MH181921.1	515	45	470
node_2935	MH181913.1	30	30	0
node_2936	node_2937	73	73	0
node_2932	node_2936	175	175	0
node_2937	MN078121.1	532	62	470
node_2936	node_2938	104	104	0
node_2937	MN536993.1	212	212	0
node_2938	MH181911.1	63	63	0
node_2938	MH760649.1	81	77	4
node_2939	node_2940	94	0	94
node_2877	node_2939	30	30	0
node_2940	node_2941	73	73	0
node_2941	node_2942	130	130	0
node_2942	node_2943	177	49	128
node_2943	LC474556.1	55	55	0
node_2943	node_2944	54	54	0
node_2944	MH181982.1	188	188	0
node_2944	MH181976.1	595	125	470
node_2946	MH181972.1	25	25	0
node_2942	node_2945	477	7	470
node_2945	node_2946	0	0	0
node_2946	MH181956.1	17	17	0
node_2945	node_2947	1	1	0
node_2947	MH181938.1	93	93	0
node_2947	MH181933.1	69	69	0
node_2949	node_2950	27	27	0
node_2941	node_2948	0	0	0
node_2948	node_2949	105	105	0
node_2949	node_2951	1	1	0
node_2950	MH181977.1	62	62	0
node_2950	MH181974.1	8	8	0
node_2951	MH181960.1	7	7	0
node_2951	MH181934.1	81	81	0
node_2948	node_2952	15	15	0
node_2952	node_2953	1	1	0
node_2953	MH181987.1	591	122	469
node_2953	MH181949.1	4	4	0
node_2952	node_2954	60	60	0
node_2954	MH182025.1	694	226	468
node_2940	node_2955	6	6	0
node_2954	MH760588.1	91	90	1
node_2955	node_2956	0	0	0
node_2957	node_2958	2	2	0
node_2956	node_2957	0	0	0
node_2958	KY654516.1	753	285	468
node_2957	node_2959	0	0	0
node_2958	MH182043.1	24	24	0
node_2959	MH182045.1	14	14	0
node_2956	node_2960	1	1	0
node_2959	MH182002.1	85	85	0
node_2961	MH182019.1	57	53	4
node_2960	node_2961	2	2	0
node_2961	MH182047.1	66	66	0
node_2960	node_2962	4	4	0
node_2962	MH182060.1	41	37	4
node_2955	node_2963	708	238	470
node_2962	MH182048.1	231	231	0
node_2963	node_2964	0	0	0
node_2965	MH182026.1	218	218	0
node_2964	node_2965	1	1	0
node_2965	MH182046.1	552	82	470
node_2966	MH182009.1	361	361	0
node_2964	node_2966	6	2	4
node_2963	node_2967	323	146	177
node_2966	MH182053.1	4798	4759	39
node_2967	node_2968	880	410	470
node_2968	MH182034.1	2136	2090	46
node_2968	MH182056.1	707	597	110
node_2967	node_2969	0	0	0
node_2969	MH182051.1	397	397	0
node_2969	MH182055.1	788	658	130
node_2970	node_2971	26	0	26
node_2939	node_2970	25	1	24
node_2971	node_2972	0	0	0
node_2973	node_2974	16	16	0
node_2974	MH182061.1	41	41	0
node_2972	node_2973	0	0	0
node_2973	node_2975	6	6	0
node_2974	MH182044.1	620	150	470
node_2975	MH182040.1	248	248	0
node_2975	MH182032.1	12	12	0
node_2972	node_2976	14	14	0
node_2976	node_2977	0	0	0
node_2977	MH181992.1	20	20	0
node_2977	MH182028.1	610	142	468
node_2976	node_2978	7	7	0
node_2978	MH182049.1	15	15	0
node_2971	node_2979	0	0	0
node_2978	MH182021.1	628	158	470
node_2979	node_2980	0	0	0
node_2980	node_2981	5	5	0
node_2981	MH182050.1	637	169	468
node_2980	node_2982	0	0	0
node_2981	MH181994.1	113	113	0
node_2982	MH181991.1	2	2	0
node_2982	MH182042.1	882	365	517
node_2979	node_2983	10	10	0
node_2983	node_2984	29	29	0
node_2984	MH182041.1	175	175	0
node_2984	MH182010.1	8	8	0
node_2983	node_2985	4	4	0
node_2985	MH182007.1	0	0	0
node_2985	MH182008.1	5	5	0
node_2970	node_2986	0	0	0
node_2986	node_2987	470	0	470
node_2987	node_2988	20	20	0
node_2988	node_2989	558	88	470
node_2989	MH182038.1	13	13	0
node_2989	MH182004.1	213	213	0
node_2988	node_2990	160	158	2
node_2990	MH182014.1	18	18	0
node_2987	node_2991	46	44	2
node_2990	MH182023.1	74	74	0
node_2991	node_2992	266	264	2
node_2992	MZ515682.1	6	6	0
node_2991	node_2993	2	2	0
node_2993	MH182054.1	14	14	0
node_2993	MN630105.1	163	159	4
node_2992	MZ515949.1	5508	3916	1592
node_2995	node_2996	0	0	0
node_2986	node_2994	25	25	0
node_2994	node_2995	36	36	0
node_2996	MH182029.1	516	47	469
node_2995	node_2997	0	0	0
node_2996	MH182027.1	14	14	0
node_2997	MH182006.1	7	7	0
node_2997	MH182037.1	14	14	0
node_2994	node_2998	217	217	0
node_2998	node_2999	19	19	0
node_2999	MH181996.1	5	5	0
node_2999	MH182015.1	1342	874	468
node_3000	MH182039.1	91	91	0
node_2998	node_3000	2	2	0
node_3000	MH181995.1	649	181	468
node_3001	node_3002	775	360	415
node_2001	node_3001	777	754	23
node_3002	node_3003	323	111	212
node_3003	node_3004	245	37	208
node_3004	node_3005	35	31	4
node_3008	node_3009	61	61	0
node_3005	node_3006	74	74	0
node_3006	node_3007	13	13	0
node_3007	node_3008	123	123	0
node_3009	MH182000.1	680	314	366
node_3009	node_3010	4	4	0
node_3011	node_3012	13	13	0
node_3012	MH182024.1	31	31	0
node_3010	MH181999.1	142	142	0
node_3008	node_3011	133	133	0
node_3010	MH182035.1	203	203	0
node_3013	MH182012.1	353	353	0
node_3012	MH182033.1	167	167	0
node_3011	node_3013	81	81	0
node_3013	MH182058.1	289	289	0
node_3007	node_3014	10	10	0
node_3014	node_3015	4	4	0
node_3015	node_3016	53	53	0
node_3016	MH182059.1	26	26	0
node_3015	node_3017	150	150	0
node_3016	MH182057.1	813	813	0
node_3017	MH182036.1	2	2	0
node_3014	node_3018	2	2	0
node_3017	MH182030.1	8	8	0
node_3018	node_3019	0	0	0
node_3019	MH182017.1	96	96	0
node_3018	node_3020	0	0	0
node_3019	MH182022.1	6	6	0
node_3006	node_3021	3	3	0
node_3020	MH182013.1	6	6	0
node_3021	node_3022	33	29	4
node_3020	MH182020.1	6	6	0
node_3022	node_3023	0	0	0
node_3023	node_3024	19	19	0
node_3024	MH182005.1	240	240	0
node_3024	MH182018.1	212	208	4
node_3023	node_3025	5	5	0
node_3025	MH182011.1	0	0	0
node_3025	MH182016.1	4	4	0
node_3022	node_3026	0	0	0
node_3026	node_3027	0	0	0
node_3027	MH182003.1	370	4	366
node_3027	MH182052.1	47	47	0
node_3028	MH182031.1	8	8	0
node_3026	node_3028	5	5	0
node_3028	MH182001.1	128	128	0
node_3029	node_3030	4	4	0
node_3030	node_3031	316	312	4
node_3031	MH181998.1	31	31	0
node_3021	node_3029	282	282	0
node_3031	MH181997.1	3	3	0
node_3030	node_3032	35	35	0
node_3032	MZ516012.1	16	15	1
node_3033	node_3034	3	3	0
node_3029	node_3033	34	34	0
node_3032	MZ515567.1	20	20	0
node_3034	OK500257.1	0	0	0
node_3033	node_3035	0	0	0
node_3035	OK500260.1	3	3	0
node_3034	OK500258.1	0	0	0
node_3035	OK500267.1	20	20	0
node_3036	node_3037	10	10	0
node_3005	node_3036	193	193	0
node_3039	OK500265.1	0	0	0
node_3038	node_3039	5	5	0
node_3037	node_3038	82	82	0
node_3040	OK500266.1	0	0	0
node_3038	node_3041	16	16	0
node_3040	OK500269.1	24	24	0
node_3039	node_3040	0	0	0
node_3042	OK500268.1	1281	9	1272
node_3041	node_3042	0	0	0
node_3041	node_3043	40	40	0
node_3042	OK500259.1	4	4	0
node_3043	MZ515825.1	20	20	0
node_3043	MZ515749.1	44	44	0
node_3044	node_3045	5	5	0
node_3037	node_3044	5	5	0
node_3045	node_3046	1	1	0
node_3046	MZ515782.1	131	131	0
node_3045	node_3047	0	0	0
node_3046	MW160819.1	35	35	0
node_3047	MW160762.1	32	32	0
node_3044	node_3048	29	29	0
node_3047	OM256491.1	81	81	0
node_3048	node_3049	0	0	0
node_3049	OM256492.1	21	21	0
node_3049	OM256490.1	35	35	0
node_3048	node_3050	15	15	0
node_3051	node_3052	115	115	0
node_3050	OM256488.1	13	13	0
node_3036	node_3051	0	0	0
node_3050	OM256489.1	23	23	0
node_3052	node_3053	5	5	0
node_3053	node_3054	18	18	0
node_3054	MZ515551.1	210	210	0
node_3053	node_3055	0	0	0
node_3052	node_3056	0	0	0
node_3055	MZ515616.1	10	10	0
node_3056	node_3057	0	0	0
node_3054	MZ515875.1	3231	3005	226
node_3055	MZ515906.1	1680	1129	551
node_3057	MZ516118.1	12	12	0
node_3057	MZ516134.1	3	2	1
node_3056	node_3058	0	0	0
node_3058	MZ515884.1	368	2	366
node_3051	node_3059	15	15	0
node_3058	MZ515592.1	1	1	0
node_3059	node_3060	2	2	0
node_3061	MZ515780.1	827	307	520
node_3060	node_3061	543	180	363
node_3061	MN071218.1	238	230	8
node_3060	node_3062	33	33	0
node_3062	KX765898.1	4	4	0
node_3062	KX765886.1	0	0	0
node_3059	node_3063	15	11	4
node_3063	node_3064	0	0	0
node_3064	KU950631.1	23	23	0
node_3063	node_3065	0	0	0
node_3065	KU950615.1	15	15	0
node_3064	KX765977.1	21	21	0
node_3065	KC731482.1	14	10	4
node_3004	node_3066	644	302	342
node_3067	node_3068	2	2	0
node_3066	node_3067	8	8	0
node_3068	node_3069	219	219	0
node_3069	node_3070	131	89	42
node_3070	MH181993.1	676	75	601
node_3070	node_3071	109	109	0
node_3071	MH181914.1	11	11	0
node_3069	node_3072	1	1	0
node_3071	KX655640.1	39	38	1
node_3073	MN078119.1	851	225	626
node_3072	node_3073	89	89	0
node_3073	KX655644.1	10	10	0
node_3074	MK749895.1	3	3	0
node_3074	MK749909.1	264	4	260
node_3072	node_3074	110	110	0
node_3068	node_3075	2	2	0
node_3076	node_3077	0	0	0
node_3075	node_3076	32	32	0
node_3077	MZ515942.1	0	0	0
node_3076	node_3078	0	0	0
node_3077	MZ516131.1	764	723	41
node_3078	MZ515668.1	0	0	0
node_3078	MZ516086.1	51	49	2
node_3075	node_3079	1	1	0
node_3079	node_3080	1	1	0
node_3080	MZ516017.1	24	22	2
node_3080	MZ516039.1	47	35	12
node_3081	MZ516100.1	34	30	4
node_3081	OK500256.1	48	47	1
node_3067	node_3082	1	1	0
node_3079	node_3081	3	3	0
node_3082	node_3083	4	4	0
node_3083	node_3084	1	1	0
node_3085	MZ515693.1	404	35	369
node_3084	node_3085	7	7	0
node_3085	MN306029.1	107	107	0
node_3083	node_3087	27	27	0
node_3084	node_3086	15	15	0
node_3086	MZ516027.1	22	22	0
node_3086	MZ515854.1	19	19	0
node_3087	node_3088	0	0	0
node_3088	MZ515964.1	1	1	0
node_3088	MZ515954.1	0	0	0
node_3087	node_3089	0	0	0
node_3089	MZ516063.1	0	0	0
node_3090	node_3091	0	0	0
node_3089	MZ516067.1	0	0	0
node_3091	node_3092	0	0	0
node_3082	node_3090	17	17	0
node_3092	MZ515617.1	48	48	0
node_3092	MZ515795.1	175	174	1
node_3091	node_3093	0	0	0
node_3093	MZ515882.1	3	3	0
node_3090	node_3094	0	0	0
node_3094	node_3095	0	0	0
node_3093	MZ516138.1	3870	3321	549
node_3096	MZ516096.1	91	89	2
node_3096	MN306048.1	455	91	364
node_3094	node_3096	0	0	0
node_3095	MZ516005.1	248	248	0
node_3095	MZ515752.1	6	5	1
node_3097	node_3098	73	3	70
node_3066	node_3097	8	8	0
node_3098	node_3099	0	0	0
node_3099	node_3100	127	127	0
node_3100	node_3101	27	27	0
node_3101	MZ515647.1	492	126	366
node_3100	node_3102	123	51	72
node_3101	MZ516001.1	4137	3328	809
node_3102	MZ515867.1	276	276	0
node_3099	node_3103	1	1	0
node_3102	MZ516124.1	2486	2470	16
node_3103	node_3104	0	0	0
node_3104	MZ515626.1	466	99	367
node_3104	MZ516112.1	39	39	0
node_3106	node_3107	33	30	3
node_3105	ON152648.1	58	58	0
node_3105	MZ515642.1	2437	2171	266
node_3103	node_3105	28	28	0
node_3098	node_3106	0	0	0
node_3107	node_3108	171	171	0
node_3108	MZ515760.1	40	35	5
node_3108	MZ515676.1	747	747	0
node_3107	node_3109	0	0	0
node_3109	MZ515692.1	0	0	0
node_3106	node_3110	18	18	0
node_3109	MZ516111.1	0	0	0
node_3111	MZ515632.1	3	3	0
node_3111	MZ515828.1	9	9	0
node_3110	node_3111	0	0	0
node_3110	node_3112	0	0	0
node_3112	MZ516110.1	7	7	0
node_3112	MZ515722.1	1583	957	626
node_3097	node_3113	3	3	0
node_3113	node_3114	28	28	0
node_3114	node_3115	0	0	0
node_3116	MZ515731.1	55	55	0
node_3115	node_3117	0	0	0
node_3117	MZ515923.1	6	6	0
node_3115	node_3116	0	0	0
node_3116	MZ515910.1	5	5	0
node_3114	node_3118	0	0	0
node_3117	MZ515679.1	5	5	0
node_3118	node_3119	2	2	0
node_3119	MZ515928.1	4	4	0
node_3119	MZ515723.1	6	6	0
node_3118	node_3120	7	7	0
node_3120	MZ516128.1	271	271	0
node_3120	MZ515555.1	0	0	0
node_3121	node_3122	28	26	2
node_3113	node_3121	943	317	626
node_3122	node_3123	0	0	0
node_3123	MZ151853.1	77	76	1
node_3123	MT422270.1	265	5	260
node_3122	node_3124	0	0	0
node_3124	MT422269.1	37	37	0
node_3124	MZ151852.1	369	3	366
node_3121	node_3125	39	39	0
node_3126	MT422273.1	7	7	0
node_3125	node_3126	0	0	0
node_3126	MT422272.1	0	0	0
node_3125	node_3127	0	0	0
node_3127	MT422271.1	0	0	0
node_3127	MN306045.1	918	297	621
node_3003	node_3128	460	245	215
node_3128	node_3129	19	17	2
node_3129	node_3130	16	16	0
node_3130	node_3131	87	87	0
node_3131	node_3132	166	166	0
node_3134	MZ516023.1	17	17	0
node_3132	node_3133	0	0	0
node_3133	node_3134	17	15	2
node_3133	MN306017.1	11	11	0
node_3134	MZ515662.1	330	330	0
node_3132	node_3135	17	17	0
node_3135	node_3136	17	15	2
node_3136	MZ515993.1	366	0	366
node_3136	MZ515666.1	1	1	0
node_3137	MN630090.1	198	198	0
node_3131	node_3138	7	7	0
node_3137	MZ515619.1	33	33	0
node_3135	node_3137	6	6	0
node_3138	node_3139	51	51	0
node_3139	node_3140	4	4	0
node_3140	MN630088.1	14	16	-2
node_3140	MN630106.1	30	30	0
node_3139	node_3141	57	60	-3
node_3141	MN630096.1	714	103	611
node_3138	node_3142	368	2	366
node_3142	node_3143	125	125	0
node_3143	KY654517.1	375	9	366
node_3143	KY654515.1	8	8	0
node_3141	MN630104.1	5	5	0
node_3142	node_3144	267	263	4
node_3144	MH760630.1	0	0	0
node_3144	MH760631.1	3	3	0
node_3130	node_3145	0	0	0
node_3145	node_3146	592	230	362
node_3146	node_3147	73	73	0
node_3147	node_3148	9	9	0
node_3148	MH760616.1	0	0	0
node_3148	MH760614.1	2	2	0
node_3147	node_3149	0	0	0
node_3149	MH760634.1	374	9	365
node_3149	MH760632.1	38	38	0
node_3146	node_3150	2	2	0
node_3150	node_3151	8	8	0
node_3151	MH760591.1	93	93	0
node_3152	MW160746.1	190	190	0
node_3151	MW160756.1	571	210	361
node_3152	MW160766.1	481	259	222
node_3145	node_3153	21	21	0
node_3150	node_3152	81	78	3
node_3153	node_3154	0	0	0
node_3154	node_3155	58	58	0
node_3155	MW160747.1	26	23	3
node_3155	MH760608.1	648	283	365
node_3154	node_3156	49	45	4
node_3156	MW160797.1	6	6	0
node_3153	node_3157	0	0	0
node_3156	MW160799.1	373	8	365
node_3157	node_3158	49	45	4
node_3158	MW160754.1	7	7	0
node_3157	node_3159	23	21	2
node_3158	MW160758.1	9	9	0
node_3159	MW160753.1	25	25	0
node_3159	MH760646.1	271	271	0
node_3129	node_3160	9	9	0
node_3160	node_3161	18	19	-1
node_3161	node_3162	17	1	16
node_3163	KJ672471.1	74	73	1
node_3163	node_3164	84	85	-1
node_3162	node_3163	43	43	0
node_3164	MH447956.1	7	7	0
node_3164	MH447955.1	6	6	0
node_3162	node_3165	602	236	366
node_3165	node_3166	94	94	0
node_3166	MN536997.1	17	15	2
node_3166	MN535098.1	128	128	0
node_3165	node_3167	3	4	-1
node_3167	MN078107.1	673	305	368
node_3161	node_3168	9	9	0
node_3167	MN071219.1	11	11	0
node_3168	node_3169	210	210	0
node_3169	node_3170	106	106	0
node_3170	MN536999.1	502	137	365
node_3170	MN536998.1	106	106	0
node_3171	MN071216.1	496	132	364
node_3172	node_3173	0	0	0
node_3169	node_3171	0	0	0
node_3168	node_3172	38	38	0
node_3173	MW160783.1	2	2	0
node_3171	MW160778.1	86	85	1
node_3173	MW160771.1	15	15	0
node_3172	node_3174	0	0	0
node_3174	MW160768.1	3	3	0
node_3160	node_3175	34	34	0
node_3174	MH760612.1	689	328	361
node_3175	node_3176	1	1	0
node_3176	node_3177	4	4	0
node_3177	node_3178	12	12	0
node_3178	MH760642.1	665	300	365
node_3178	MW582528.1	40	40	0
node_3179	MH760636.1	347	343	4
node_3177	node_3179	0	0	0
node_3179	MH828493.1	40	40	0
node_3176	node_3180	34	34	0
node_3181	KU950651.1	19	17	2
node_3180	node_3181	16	16	0
node_3181	KJ672472.1	46	46	0
node_3182	MW160764.1	8	8	0
node_3175	node_3183	130	64	66
node_3182	MW160779.1	11	11	0
node_3180	node_3182	84	84	0
node_3183	node_3184	20	6	14
node_3184	node_3185	6	6	0
node_3185	MW160782.1	646	289	357
node_3185	MZ515681.1	35	33	2
node_3184	node_3186	41	41	0
node_3186	MZ515655.1	0	0	0
node_3186	MZ515888.1	339	339	0
node_3187	node_3188	23	23	0
node_3183	node_3187	1	1	0
node_3188	MZ515690.1	42	42	0
node_3188	MN630103.1	460	460	0
node_3187	node_3189	15	15	0
node_3189	MH828494.1	19	19	0
node_3128	node_3190	10	10	0
node_3189	KX765974.1	107	103	4
node_3190	node_3191	20	0	20
node_3192	node_3193	20	20	0
node_3193	node_3194	0	0	0
node_3191	node_3192	39	5	34
node_3194	node_3195	0	0	0
node_3194	KX765954.1	57	57	0
node_3195	KX765919.1	0	0	0
node_3195	KX765904.1	2	2	0
node_3193	node_3196	2	2	0
node_3196	node_3197	0	0	0
node_3197	KX765972.1	0	0	0
node_3197	KX765971.1	2	2	0
node_3196	node_3198	0	0	0
node_3198	KX765939.1	10	10	0
node_3198	KX765940.1	4	4	0
node_3192	node_3199	0	0	0
node_3200	node_3201	34	34	0
node_3199	node_3200	5	1	4
node_3201	KX765944.1	5	5	0
node_3201	KX765916.1	367	2	365
node_3202	MN630093.1	709	19	690
node_3200	node_3202	100	100	0
node_3203	node_3204	1	1	0
node_3202	MN630099.1	1	1	0
node_3204	MN630089.1	1053	290	763
node_3199	node_3203	636	271	365
node_3204	MN536996.1	83	83	0
node_3203	node_3205	3	3	0
node_3205	MN071213.1	77	68	9
node_3191	node_3206	416	0	416
node_3205	MN078106.1	157	157	0
node_3206	node_3207	234	153	81
node_3207	node_3208	1	1	0
node_3208	node_3209	0	0	0
node_3209	MH760622.1	171	171	0
node_3208	node_3210	0	0	0
node_3209	MG813984.1	16	16	0
node_3210	MG813985.1	16	16	0
node_3210	MG813980.1	6	3	3
node_3207	node_3211	5	2	3
node_3212	MG813981.1	0	0	0
node_3211	node_3212	0	0	0
node_3212	OK649681.1	514	149	365
node_3211	node_3213	0	0	0
node_3213	MN078105.1	111	107	4
node_3213	MG813983.1	3	3	0
node_3206	node_3214	52	52	0
node_3214	node_3215	366	0	366
node_3215	node_3216	219	219	0
node_3216	KU950666.1	38	37	1
node_3216	MH760647.1	502	134	368
node_3215	node_3217	0	0	0
node_3217	MH828492.1	28	28	0
node_3217	MH828491.1	24	24	0
node_3214	node_3218	0	0	0
node_3218	node_3219	2	2	0
node_3219	JX627336.1	18	18	0
node_3218	node_3220	41	41	0
node_3219	MH828501.1	396	30	366
node_3220	MZ515629.1	88	88	0
node_3190	node_3221	17	17	0
node_3222	node_3223	5	5	0
node_3221	node_3222	33	1	32
node_3223	node_3224	106	100	6
node_3220	MZ515556.1	4167	3705	462
node_3224	node_3225	0	0	0
node_3225	MZ515620.1	1	1	0
node_3225	MZ516055.1	1	1	0
node_3224	node_3226	1	1	0
node_3227	node_3228	0	0	0
node_3226	MZ515659.1	317	317	0
node_3226	MN310477.1	399	392	7
node_3223	node_3227	29	29	0
node_3228	MW160828.1	74	74	0
node_3227	node_3229	238	238	0
node_3228	MZ515967.1	138	138	0
node_3229	MN071217.1	450	87	363
node_3222	node_3230	235	235	0
node_3229	MH760621.1	102	102	0
node_3230	node_3231	7	7	0
node_3231	node_3232	228	228	0
node_3232	MH828502.1	177	177	0
node_3232	MG839543.1	73	73	0
node_3231	node_3233	7	7	0
node_3233	MZ515634.1	356	356	0
node_3230	node_3234	22	23	-1
node_3233	MN071222.1	1161	1151	10
node_3234	node_3235	69	78	-9
node_3234	node_3236	33	33	0
node_3221	node_3237	401	5	396
node_3235	MN078120.1	507	518	-11
node_3236	MN078108.1	270	264	6
node_3238	node_3239	33	23	10
node_3237	node_3238	135	34	101
node_3235	MN536995.1	1888	1246	642
node_3236	MZ515816.1	4032	3612	420
node_3239	node_3240	17	17	0
node_3240	MN630098.1	553	191	362
node_3240	KU950523.1	37	37	0
node_3239	node_3241	577	130	447
node_3241	MZ515650.1	6	6	0
node_3238	node_3242	163	163	0
node_3242	node_3243	37	37	0
node_3243	MN536990.1	233	230	3
node_3241	MZ515702.1	5350	4196	1154
node_3242	node_3244	185	185	0
node_3243	KX765941.1	176	175	1
node_3244	KJ627740.1	2055	1574	481
node_3244	MG813982.1	248	245	3
node_3237	node_3245	34	32	2
node_3245	node_3246	6	6	0
node_3246	node_3247	2	2	0
node_3247	MZ515842.1	83	74	9
node_3246	node_3248	1	1	0
node_3247	KT285064.1	59	59	0
node_3248	MZ516057.1	429	60	369
node_3245	node_3249	30	30	0
node_3248	MH828495.1	52	52	0
node_3250	MH828496.1	12	12	0
node_3249	node_3250	2	2	0
node_3250	KX765970.1	66	64	2
node_3249	node_3251	2	2	0
node_3251	MZ515922.1	132	131	1
node_3002	node_3252	239	87	152
node_3251	MH760648.1	346	344	2
node_3253	node_3254	137	133	4
node_3252	node_3253	751	143	608
node_3254	node_3255	5	5	0
node_3255	node_3256	177	120	57
node_3257	node_3258	0	0	0
node_3258	node_3259	2	2	0
node_3258	MZ515819.1	0	0	0
node_3256	node_3257	175	5	170
node_3259	MZ516092.1	0	0	0
node_3257	node_3260	0	0	0
node_3259	MZ515927.1	0	0	0
node_3260	node_3261	0	0	0
node_3261	MZ515853.1	0	0	0
node_3260	node_3262	0	0	0
node_3261	MZ515739.1	5139	3959	1180
node_3262	MZ515891.1	2	2	0
node_3262	MZ515897.1	360	359	1
node_3264	node_3265	0	0	0
node_3256	node_3263	1	1	0
node_3263	node_3264	0	0	0
node_3265	MZ515861.1	41	41	0
node_3265	MZ515600.1	3	3	0
node_3264	node_3266	0	0	0
node_3266	MZ515959.1	3	3	0
node_3266	MZ515870.1	1	1	0
node_3263	node_3267	8	8	0
node_3268	MZ516046.1	419	164	255
node_3267	node_3269	0	0	0
node_3267	node_3268	94	94	0
node_3268	MZ515621.1	949	826	123
node_3269	MZ516076.1	9	4	5
node_3269	MZ515980.1	63	63	0
node_3271	node_3272	0	0	0
node_3255	node_3270	73	55	18
node_3270	node_3271	24	19	5
node_3272	node_3273	156	153	3
node_3273	MZ515593.1	136	135	1
node_3273	MK749884.1	204	204	0
node_3271	node_3275	0	0	0
node_3272	node_3274	0	0	0
node_3274	MZ515804.1	3	3	0
node_3274	MZ515781.1	0	0	0
node_3276	MZ515962.1	366	0	366
node_3275	node_3276	0	0	0
node_3276	MZ515851.1	4	4	0
node_3275	node_3277	0	0	0
node_3277	MZ515735.1	3	3	0
node_3270	node_3278	4	4	0
node_3279	node_3280	10	10	0
node_3278	node_3279	68	0	68
node_3277	MZ515633.1	0	0	0
node_3280	MZ516026.1	11	11	0
node_3280	MZ515797.1	44	41	3
node_3279	node_3281	4	2	2
node_3278	node_3282	0	0	0
node_3281	MZ515920.1	5028	3902	1126
node_3281	MZ515902.1	1	1	0
node_3282	node_3283	9	9	0
node_3283	MZ515588.1	1	1	0
node_3283	MZ516036.1	1406	1389	17
node_3284	MZ515609.1	1	1	0
node_3282	node_3284	0	0	0
node_3284	MZ515887.1	10	10	0
node_3285	node_3286	158	24	134
node_3254	node_3285	0	0	0
node_3286	node_3287	38	38	0
node_3287	node_3288	58	2	56
node_3288	MZ515956.1	3	3	0
node_3288	node_3289	269	269	0
node_3289	MZ515796.1	159	159	0
node_3289	MZ516091.1	3404	2982	422
node_3290	node_3291	12	12	0
node_3287	node_3290	8	8	0
node_3291	MZ515810.1	3466	2930	536
node_3291	MZ516052.1	0	0	0
node_3290	node_3292	0	0	0
node_3292	MZ516044.1	7	7	0
node_3292	MZ515575.1	84	84	0
node_3295	MZ515921.1	10	10	0
node_3296	MZ515569.1	378	9	369
node_3286	node_3293	35	32	3
node_3294	node_3296	13	0	13
node_3294	node_3295	0	0	0
node_3293	node_3294	0	0	0
node_3295	MZ516028.1	19	15	4
node_3296	MZ515999.1	82	82	0
node_3293	node_3297	79	79	0
node_3297	node_3298	40	0	40
node_3298	MZ515909.1	78	78	0
node_3299	MZ515822.1	1353	1349	4
node_3297	node_3299	5	5	0
node_3298	MZ515876.1	2801	2436	365
node_3299	MZ516085.1	610	244	366
node_3285	node_3300	64	4	60
node_3301	node_3302	26	27	-1
node_3300	node_3301	0	0	0
node_3302	node_3303	41	42	-1
node_3303	MZ516010.1	416	50	366
node_3303	MZ515850.1	3	3	0
node_3301	node_3305	2	2	0
node_3304	MH760617.1	201	201	0
node_3302	node_3304	129	129	0
node_3304	MW160769.1	562	198	364
node_3305	node_3306	2	2	0
node_3306	LR699737.1	60	60	0
node_3306	MZ516129.1	67	64	3
node_3307	MW160825.1	37	37	0
node_3307	MW160749.1	51	31	20
node_3300	node_3308	6	6	0
node_3305	node_3307	55	55	0
node_3308	node_3309	34	30	4
node_3309	node_3310	29	29	0
node_3310	MZ515968.1	2424	1605	819
node_3310	MN306021.1	214	214	0
node_3309	node_3311	22	22	0
node_3311	KU950540.1	8	8	0
node_3311	MN071215.1	310	310	0
node_3308	node_3312	50	50	0
node_3312	node_3313	0	0	0
node_3313	MZ515835.1	14	14	0
node_3314	MZ515572.1	64	64	0
node_3313	MH760635.1	384	378	6
node_3312	node_3314	2	2	0
node_3253	node_3315	72	68	4
node_3314	MZ515841.1	24	24	0
node_3315	node_3316	0	0	0
node_3316	node_3317	170	36	134
node_3318	node_3319	7	7	0
node_3319	MZ515833.1	3	3	0
node_3317	node_3318	75	75	0
node_3318	node_3321	0	0	0
node_3320	MZ516072.1	11	11	0
node_3320	MZ516048.1	941	941	0
node_3319	node_3320	1	1	0
node_3321	node_3322	0	0	0
node_3322	MZ515740.1	19	15	4
node_3322	MZ516053.1	380	16	364
node_3321	node_3323	15	15	0
node_3323	MZ515703.1	384	19	365
node_3323	MZ515985.1	38	34	4
node_3324	node_3325	15	15	0
node_3317	node_3324	20	20	0
node_3326	MW160807.1	25	18	7
node_3325	node_3326	36	36	0
node_3326	MW160787.1	15	13	2
node_3325	node_3327	66	65	1
node_3327	MZ515695.1	0	0	0
node_3327	MZ515559.1	369	3	366
node_3324	node_3328	174	174	0
node_3328	node_3329	0	0	0
node_3329	MZ515905.1	258	257	1
node_3328	node_3330	1	1	0
node_3330	MK749893.1	369	3	366
node_3329	MK749886.1	3	3	0
node_3331	node_3332	17	17	0
node_3330	MK749917.1	7	7	0
node_3316	node_3331	258	258	0
node_3332	node_3333	162	152	10
node_3334	MK749867.1	4	4	0
node_3333	node_3334	0	0	0
node_3334	MK749911.1	11	11	0
node_3333	node_3335	0	0	0
node_3335	MN071214.1	303	299	4
node_3335	MK749890.1	12	12	0
node_3336	node_3337	21	17	4
node_3332	node_3336	1	1	0
node_3337	MH760619.1	0	0	0
node_3337	MH760618.1	0	0	0
node_3336	node_3338	9	9	0
node_3338	MW160773.1	301	301	0
node_3338	MH760637.1	58	58	0
node_3331	node_3339	33	33	0
node_3340	node_3341	0	0	0
node_3339	node_3340	10	10	0
node_3341	MH760639.1	3	3	0
node_3340	node_3342	0	0	0
node_3341	MH760626.1	1	1	0
node_3342	MH760615.1	3	3	0
node_3343	node_3344	1	1	0
node_3339	node_3343	0	0	0
node_3342	MH760628.1	18	18	0
node_3344	MH760624.1	12	11	1
node_3344	MW160803.1	263	263	0
node_3343	node_3345	24	22	2
node_3315	node_3346	29	29	0
node_3345	MH760611.1	6	6	0
node_3345	MH760590.1	4	4	0
node_3346	node_3347	7	7	0
node_3347	node_3348	25	25	0
node_3348	node_3349	3	3	0
node_3350	MW160795.1	9	9	0
node_3349	node_3350	41	41	0
node_3350	MW160801.1	385	16	369
node_3349	node_3351	31	31	0
node_3351	MH760625.1	256	256	0
node_3351	MW160759.1	373	7	366
node_3348	node_3352	8	8	0
node_3352	node_3353	1	1	0
node_3353	MN630100.1	61	61	0
node_3354	KU950685.1	6	6	0
node_3353	KU950459.1	95	95	0
node_3352	node_3354	11	11	0
node_3354	KU950583.1	3	3	0
node_3347	node_3355	6	6	0
node_3355	node_3356	105	9	96
node_3356	node_3357	14	14	0
node_3357	MN630102.1	253	251	2
node_3357	MW033958.1	60	60	0
node_3356	node_3358	43	36	7
node_3358	LC530050.1	0	0	0
node_3358	MG793382.1	0	0	0
node_3355	node_3359	220	220	0
node_3359	node_3360	0	0	0
node_3360	MH383066.1	314	310	4
node_3360	MH760640.1	72	69	3
node_3359	node_3361	0	0	0
node_3361	MH760645.1	69	69	0
node_3361	KU950560.1	89	89	0
node_3346	node_3362	29	29	0
node_3362	node_3363	0	0	0
node_3364	node_3365	17	17	0
node_3363	node_3364	22	22	0
node_3365	MZ516108.1	20	20	0
node_3365	MZ515939.1	42	36	6
node_3364	node_3366	0	0	0
node_3366	MH447958.1	94	94	0
node_3363	node_3367	38	38	0
node_3367	node_3368	2	2	0
node_3362	node_3370	2	2	0
node_3368	MW160830.1	434	68	366
node_3366	MZ515852.1	115	113	2
node_3367	node_3369	3	3	0
node_3371	node_3372	0	0	0
node_3370	node_3371	98	92	6
node_3369	MH760610.1	359	359	0
node_3369	LC699634.1	61	61	0
node_3372	MW160761.1	26	26	0
node_3371	node_3373	0	0	0
node_3372	MW160767.1	27	24	3
node_3368	MZ515566.1	39	39	0
node_3373	MW160772.1	25	25	0
node_3373	KU950486.1	82	76	6
node_3370	node_3374	96	96	0
node_3374	node_3376	2	2	0
node_3375	KX894807.1	203	203	0
node_3375	MZ515741.1	475	426	49
node_3252	node_3377	201	173	28
node_3374	node_3375	0	0	0
node_3376	MZ515821.1	10	10	0
node_3377	node_3378	1	1	0
node_3376	MZ515709.1	2	2	0
node_3380	node_3381	2	2	0
node_3378	node_3379	421	75	346
node_3381	node_3382	1	1	0
node_3382	node_3383	0	0	0
node_3381	node_3384	0	0	0
node_3382	MZ515720.1	2	2	0
node_3379	node_3380	90	90	0
node_3383	MZ516080.1	9	9	0
node_3383	MZ516103.1	12	10	2
node_3384	node_3385	0	0	0
node_3385	MZ516132.1	3	3	0
node_3384	node_3386	3	3	0
node_3385	MZ515580.1	5	5	0
node_3386	MZ516038.1	371	5	366
node_3380	node_3387	3	3	0
node_3387	node_3388	0	0	0
node_3386	MZ515877.1	6	6	0
node_3389	MZ515898.1	3	3	0
node_3388	node_3389	0	0	0
node_3388	node_3390	0	0	0
node_3389	MZ516099.1	660	625	35
node_3391	node_3392	0	0	0
node_3392	MZ515696.1	6	6	0
node_3390	MZ515701.1	2	2	0
node_3390	MZ515801.1	5	5	0
node_3393	MZ515651.1	4	4	0
node_3387	node_3391	0	0	0
node_3392	MZ515859.1	4	4	0
node_3391	node_3393	0	0	0
node_3393	MZ515766.1	2	2	0
node_3379	node_3394	44	44	0
node_3394	node_3395	26	26	0
node_3395	node_3396	56	56	0
node_3396	node_3397	95	95	0
node_3397	MZ516088.1	21	21	0
node_3397	MZ515901.1	42	42	0
node_3395	node_3399	12	11	1
node_3398	MK749913.1	7	7	0
node_3396	node_3398	126	126	0
node_3398	MK749912.1	18	18	0
node_3399	node_3400	0	0	0
node_3401	KX765917.1	5	5	0
node_3399	node_3401	0	0	0
node_3400	MH760589.1	302	296	6
node_3400	KX765902.1	14	13	1
node_3401	MH760651.1	309	304	5
node_3394	node_3402	47	47	0
node_3402	node_3403	0	0	0
node_3403	node_3404	79	79	0
node_3404	MH447959.1	62	62	0
node_3404	MH760650.1	296	288	8
node_3403	node_3405	84	40	44
node_3405	MZ515705.1	1527	1471	56
node_3402	node_3406	132	3	129
node_3406	node_3407	35	35	0
node_3405	MZ515840.1	4	4	0
node_3407	MZ516087.1	5	5	0
node_3406	node_3408	388	126	262
node_3407	MZ515983.1	2142	1226	916
node_3378	node_3409	29	28	1
node_3408	MZ515654.1	3292	3061	231
node_3408	MW160822.1	578	212	366
node_3409	node_3410	0	0	0
node_3410	node_3411	70	23	47
node_3411	node_3412	15	15	0
node_3412	KX765915.1	388	21	367
node_3412	node_3413	12	10	2
node_3413	MH279547.1	128	128	0
node_3413	MH828498.1	63	63	0
node_3411	node_3414	0	0	0
node_3414	node_3415	47	45	2
node_3415	MH828500.1	12	8	4
node_3415	MH828499.1	33	33	0
node_3414	node_3416	6	6	0
node_3416	KU950677.1	15	11	4
node_3410	node_3417	122	37	85
node_3417	node_3418	2	2	0
node_3416	MH760623.1	331	327	4
node_3418	node_3419	0	0	0
node_3419	KU950594.1	128	128	0
node_3419	MH828497.1	140	139	1
node_3420	KU950670.1	32	32	0
node_3421	node_3422	0	0	0
node_3418	node_3420	0	0	0
node_3420	KU950628.1	38	34	4
node_3417	node_3421	5	1	4
node_3422	KJ672437.1	48	48	0
node_3422	LC474558.1	53	50	3
node_3421	node_3423	194	191	3
node_3423	MG813987.1	30	30	0
node_3423	MG813986.1	0	0	0
node_3409	node_3424	0	0	0
node_3424	node_3425	61	1	60
node_3425	node_3426	50	50	0
node_3426	node_3427	3	3	0
node_3427	MN071211.1	531	162	369
node_3427	KM042391.1	44	44	0
node_3426	node_3428	0	0	0
node_3428	KU950636.1	50	50	0
node_3429	node_3430	0	0	0
node_3425	node_3429	40	40	0
node_3428	KJ672457.1	41	40	1
node_3431	KU950537.1	1184	0	1184
node_3431	KU950686.1	0	0	0
node_3432	node_3433	32	32	0
node_3430	KU950581.1	59	59	0
node_3429	node_3431	17	6	11
node_3424	node_3432	0	0	0
node_3430	KU950506.1	36	32	4
node_3433	node_3434	0	0	0
node_3434	KU950585.1	8	8	0
node_3434	KU950499.1	178	175	3
node_3433	node_3435	0	0	0
node_3435	KU950520.1	51	51	0
node_3435	KU950643.1	71	70	1
node_3436	node_3437	55	51	4
node_3437	KY883567.1	58	58	0
node_3432	node_3436	11	10	1
node_3438	KY654514.1	71	71	0
node_3437	KY883566.2	1	1	0
node_3436	node_3438	25	25	0
node_3438	MN630101.1	438	438	0
node_3377	node_3439	2	2	0
node_3440	node_3441	2	2	0
node_3439	node_3440	50	50	0
node_3443	node_3444	0	0	0
node_3443	MG813990.1	0	0	0
node_3444	MG813988.1	7	7	0
node_3442	node_3443	307	177	130
node_3441	node_3442	15	15	0
node_3444	MG813991.1	0	0	0
node_3442	node_3445	16	16	0
node_3445	node_3446	0	0	0
node_3446	MN536994.1	413	413	0
node_3446	KU950502.1	18	18	0
node_3447	LC474557.1	64	63	1
node_3447	KJ627264.1	46	46	0
node_3445	node_3447	1	1	0
node_3441	node_3448	70	70	0
node_3448	node_3449	53	53	0
node_3449	node_3450	2	2	0
node_3450	MN078118.1	190	190	0
node_3450	MW160776.1	61	61	0
node_3449	node_3451	87	87	0
node_3451	MF001057.1	3	3	0
node_3448	node_3452	179	179	0
node_3453	MN071220.1	4	4	0
node_3451	MK167035.1	0	0	0
node_3452	node_3453	5	5	0
node_3453	MN078113.1	19	19	0
node_3452	node_3454	0	0	0
node_3454	MN071223.1	106	106	0
node_3454	MN078115.1	116	116	0
node_3440	node_3455	519	59	460
node_3455	node_3456	0	0	0
node_3458	MH181931.1	63	63	0
node_3458	MH181930.1	103	103	0
node_3456	node_3457	61	61	0
node_3457	node_3458	0	0	0
node_3459	MH181922.1	61	61	0
node_3457	node_3459	0	0	0
node_3459	MH181924.1	475	109	366
node_3456	node_3460	0	0	0
node_3460	node_3461	240	232	8
node_3461	MH760644.1	6	6	0
node_3461	MH760643.1	7	7	0
node_3462	KU950655.1	7	5	2
node_3460	node_3462	84	84	0
node_3455	node_3463	28	28	0
node_3462	KU950556.1	70	70	0
node_3463	node_3464	18	18	0
node_3464	node_3465	1	1	0
node_3465	KX894805.1	6	6	0
node_3465	KX894797.1	4	4	0
node_3464	node_3466	0	0	0
node_3466	KJ672458.1	8	6	2
node_3467	node_3468	138	71	67
node_3463	node_3467	99	95	4
node_3466	KJ672465.1	25	25	0
node_3468	LR699734.1	2	2	0
node_3467	node_3469	7	7	0
node_3468	MZ516019.1	233	233	0
node_3469	MH760638.1	317	317	0
node_3469	OK649684.1	42	42	0
node_3439	node_3470	65	57	8
node_3470	node_3471	0	0	0
node_3473	node_3474	0	0	0
node_3474	KU950650.1	0	0	0
node_3474	KU839639.1	60	60	0
node_3471	node_3472	2	2	0
node_3472	node_3473	4	4	0
node_3475	KU950641.1	387	21	366
node_3473	node_3475	0	0	0
node_3475	KU950639.1	3	3	0
node_3472	node_3476	0	0	0
node_3476	node_3477	0	0	0
node_3477	KU950519.1	3	3	0
node_3476	node_3478	0	0	0
node_3477	KU950683.1	6	6	0
node_3471	node_3479	0	0	0
node_3478	KU950505.1	4	4	0
node_3479	node_3480	0	0	0
node_3478	KU950590.1	7	7	0
node_3481	KU950549.1	8	8	0
node_3480	node_3481	0	0	0
node_3481	KU950544.1	8	8	0
node_3480	node_3482	0	0	0
node_3479	node_3483	12	12	0
node_3482	KU950456.1	9	8	1
node_3483	node_3484	4	4	0
node_3484	KU950698.1	15	15	0
node_3482	KU950468.1	1187	4	1183
node_3484	KU950527.1	95	95	0
node_3483	node_3485	3	3	0
node_3485	KU839630.1	46	46	0
node_3485	KU950455.1	0	0	0
node_3470	node_3486	0	0	0
node_3486	node_3487	0	0	0
node_3488	node_3489	2	2	0
node_3487	node_3488	128	2	126
node_3488	node_3490	111	111	0
node_3489	KU950638.1	3	3	0
node_3489	KU950566.1	4	4	0
node_3490	KU839631.1	147	147	0
node_3487	node_3491	11	9	2
node_3490	KU950460.1	4	4	0
node_3492	KU950491.1	42	42	0
node_3492	KU950644.1	45	45	0
node_3493	KU839626.1	50	50	0
node_3494	node_3495	0	0	0
node_3491	node_3492	171	171	0
node_3491	node_3493	0	0	0
node_3493	KU950623.1	383	17	366
node_3486	node_3494	3	3	0
node_3495	node_3496	3	3	0
node_3496	KU950518.1	3	3	0
node_3496	KU950464.1	715	9	706
node_3495	node_3497	11	11	0
node_3497	KU950598.1	77	73	4
node_3497	KU839624.1	50	50	0
node_3494	node_3498	80	76	4
node_3498	node_3499	170	170	0
node_3499	KU950472.1	70	70	0
node_3499	KU950608.1	10	10	0
node_3498	node_3500	1	1	0
node_3500	KU950470.1	1	1	0
node_3001	node_3501	347	269	78
node_3500	KM042382.1	518	153	365
node_3501	node_3502	231	225	6
node_3504	node_3505	0	0	0
node_3506	node_3507	0	0	0
node_3503	node_3504	170	130	40
node_3502	node_3503	52	52	0
node_3505	node_3506	0	0	0
node_3507	node_3508	211	203	8
node_3508	MW160785.1	1	1	0
node_3508	node_3509	0	0	0
node_3509	MW160774.1	0	0	0
node_3509	KU950646.1	212	204	8
node_3507	node_3510	28	28	0
node_3510	node_3511	0	0	0
node_3511	KU950522.1	60	60	0
node_3511	KJ672482.1	7	7	0
node_3512	KJ672443.1	1	1	0
node_3510	node_3512	0	0	0
node_3512	KU950563.1	4	4	0
node_3506	node_3513	0	0	0
node_3514	node_3515	0	0	0
node_3514	node_3516	0	0	0
node_3515	KJ672478.1	4	4	0
node_3513	node_3514	28	28	0
node_3515	KJ672460.1	0	0	0
node_3516	KJ672455.1	3	3	0
node_3513	node_3517	573	25	548
node_3516	KU950507.1	66	66	0
node_3517	node_3518	11	11	0
node_3518	KJ627738.1	14	14	0
node_3518	KU950634.1	486	126	360
node_3517	node_3519	0	0	0
node_3519	KU950541.1	1	1	0
node_3519	KU950595.1	11	11	0
node_3505	node_3520	0	0	0
node_3520	node_3521	0	0	0
node_3521	node_3522	28	28	0
node_3522	node_3523	0	0	0
node_3523	KJ672439.1	3	3	0
node_3524	KJ672427.1	2	2	0
node_3524	KJ672477.1	3	3	0
node_3523	KU950632.1	3	3	0
node_3525	node_3526	0	0	0
node_3522	node_3524	3	3	0
node_3521	node_3525	32	32	0
node_3526	KU950649.1	3	3	0
node_3526	KU950624.1	6	6	0
node_3525	node_3527	0	0	0
node_3527	KU950536.1	6	6	0
node_3527	KU950529.1	4	4	0
node_3520	node_3528	360	0	360
node_3528	node_3529	11	11	0
node_3529	node_3530	377	17	360
node_3530	KU950538.1	3	3	0
node_3529	node_3531	2	2	0
node_3530	KU950546.1	7	7	0
node_3531	KJ672434.1	41	41	0
node_3531	KJ627739.1	1252	1242	10
node_3528	node_3532	0	0	0
node_3533	KJ672456.1	28	28	0
node_3532	node_3533	0	0	0
node_3534	KJ672446.2	388	28	360
node_3533	KX894802.1	750	26	724
node_3532	node_3534	0	0	0
node_3504	node_3535	0	0	0
node_3535	node_3536	0	0	0
node_3534	KU950469.1	759	35	724
node_3536	node_3537	0	0	0
node_3537	node_3538	22	22	0
node_3538	KU950645.1	53	53	0
node_3539	KU950658.1	626	70	556
node_3538	node_3539	0	0	0
node_3539	KU950545.1	3	3	0
node_3540	node_3541	0	0	0
node_3537	node_3540	28	28	0
node_3541	KJ672442.2	1090	7	1083
node_3540	node_3542	0	0	0
node_3541	KJ672463.1	2	2	0
node_3542	KJ672450.1	3	3	0
node_3536	node_3543	0	0	0
node_3542	KJ672426.1	2	2	0
node_3545	KU950498.1	20	17	3
node_3544	node_3545	18	18	0
node_3543	node_3544	0	0	0
node_3544	node_3546	28	28	0
node_3545	KU950620.1	2	2	0
node_3546	KJ672431.1	2	2	0
node_3546	KJ672484.1	5	5	0
node_3547	node_3548	0	0	0
node_3543	node_3547	0	0	0
node_3548	KU950528.1	21	21	0
node_3548	KM042381.1	51	51	0
node_3547	node_3549	0	0	0
node_3535	node_3550	124	123	1
node_3549	KU950579.1	33	33	0
node_3549	KJ672453.1	33	33	0
node_3550	node_3551	3	3	0
node_3551	node_3552	149	148	1
node_3552	node_3553	0	0	0
node_3553	KU950554.1	5	5	0
node_3553	KM042384.2	9	6	3
node_3552	node_3554	0	0	0
node_3554	KJ672435.1	5	5	0
node_3554	KM042385.2	6	6	0
node_3556	MG773269.1	36	36	0
node_3551	node_3555	243	241	2
node_3555	node_3557	14	14	0
node_3555	node_3556	1076	180	896
node_3557	MG839546.1	719	719	0
node_3556	MG773271.1	9	9	0
node_3557	MG773267.1	317	313	4
node_3550	node_3558	6	9	-3
node_3558	node_3559	511	12	499
node_3559	node_3560	77	76	1
node_3561	KM042392.1	452	60	392
node_3560	KU950667.1	75	71	4
node_3559	node_3561	362	12	350
node_3560	KJ627347.1	2674	1853	821
node_3561	KU950531.1	37	37	0
node_3558	node_3562	1	1	0
node_3563	KU950629.1	120	115	5
node_3563	MZ516043.1	120	116	4
node_3562	node_3564	80	80	0
node_3562	node_3563	23	23	0
node_3503	node_3565	14	14	0
node_3564	MW020597.1	10	10	0
node_3564	MW020596.1	4	4	0
node_3566	node_3567	4	4	0
node_3567	node_3568	77	77	0
node_3565	node_3566	31	31	0
node_3568	node_3569	14	14	0
node_3569	MZ516078.1	208	181	27
node_3569	node_3570	0	0	0
node_3570	MZ515718.1	1	1	0
node_3570	MZ515913.1	2	2	0
node_3568	node_3571	11	11	0
node_3572	MZ515802.1	25	22	3
node_3571	node_3572	0	0	0
node_3571	node_3573	0	0	0
node_3572	MZ515800.1	3	3	0
node_3573	MZ515814.1	0	0	0
node_3573	MZ515815.1	91	91	0
node_3575	node_3576	42	42	0
node_3574	node_3575	1	1	0
node_3567	node_3574	0	0	0
node_3576	MW020598.1	7	7	0
node_3577	MH447960.1	59	59	0
node_3576	MW020599.1	3	3	0
node_3577	MZ515973.1	46	46	0
node_3575	node_3577	44	44	0
node_3574	node_3578	11	11	0
node_3578	node_3579	34	31	3
node_3579	MH290724.1	16	16	0
node_3578	node_3580	1	1	0
node_3579	MH760609.1	270	270	0
node_3580	MN306050.1	487	130	357
node_3580	KX765956.1	28	28	0
node_3566	node_3581	0	0	0
node_3581	node_3582	20	18	2
node_3582	node_3583	0	0	0
node_3583	node_3584	0	0	0
node_3584	KX765948.1	0	0	0
node_3583	node_3585	0	0	0
node_3584	KX765887.1	4	4	0
node_3585	KX765950.1	1	1	0
node_3585	KX765951.1	512	8	504
node_3586	node_3587	0	0	0
node_3582	node_3586	1	1	0
node_3587	KX765955.1	4	4	0
node_3587	KX765914.1	6	6	0
node_3588	KX765932.1	921	190	731
node_3586	node_3588	226	188	38
node_3590	node_3591	21	21	0
node_3581	node_3589	48	48	0
node_3591	MZ515862.1	2	2	0
node_3588	MZ515826.1	4285	4086	199
node_3591	MZ515641.1	2	2	0
node_3589	node_3590	24	24	0
node_3592	MH760627.1	91	91	0
node_3590	node_3592	230	230	0
node_3592	MH447957.1	1080	225	855
node_3589	node_3593	74	74	0
node_3593	node_3594	0	0	0
node_3594	MZ515564.1	55	55	0
node_3565	node_3596	54	54	0
node_3593	node_3595	0	0	0
node_3595	LC699633.1	150	149	1
node_3594	MZ515675.1	504	504	0
node_3595	MZ515866.1	2	2	0
node_3596	node_3597	81	81	0
node_3597	node_3598	0	0	0
node_3598	node_3599	0	0	0
node_3599	node_3600	146	141	5
node_3600	MF614947.1	15	15	0
node_3600	KX765925.1	934	42	892
node_3601	MZ515834.1	1	1	0
node_3599	node_3601	24	24	0
node_3601	MZ516015.1	0	0	0
node_3598	node_3602	0	0	0
node_3602	node_3603	21	21	0
node_3603	MZ515864.1	3	3	0
node_3603	MZ515646.1	14	14	0
node_3602	node_3604	11	11	0
node_3597	node_3605	0	0	0
node_3605	node_3606	25	25	0
node_3607	MZ515604.1	256	256	0
node_3606	node_3607	86	86	0
node_3604	MZ515717.1	14	14	0
node_3604	MZ515994.1	3437	3099	338
node_3606	node_3608	0	0	0
node_3607	MZ515858.1	1970	1730	240
node_3608	MZ516073.1	2	2	0
node_3608	MZ516137.1	8	8	0
node_3605	node_3609	3	3	0
node_3609	node_3610	0	0	0
node_3609	node_3611	1	1	0
node_3610	MZ516035.1	2320	2158	162
node_3610	MZ515998.1	540	40	500
node_3611	MZ515941.1	17	17	0
node_3611	MZ516097.1	75	75	0
node_3612	node_3613	0	0	0
node_3596	node_3612	311	309	2
node_3613	node_3614	0	0	0
node_3614	node_3615	0	0	0
node_3614	node_3616	0	0	0
node_3615	MZ515606.1	409	407	2
node_3615	OM857167.1	42	42	0
node_3613	node_3617	0	0	0
node_3616	OM857150.1	5	5	0
node_3617	node_3618	0	0	0
node_3618	OM857157.1	7	5	2
node_3616	OM857172.1	11	8	3
node_3618	OM857159.1	3	3	0
node_3617	node_3619	0	0	0
node_3619	OM857158.1	2	2	0
node_3612	node_3620	3795	3795	0
node_3620	node_3621	3	1	2
node_3619	OM857180.1	269	269	0
node_3621	node_3622	2	2	0
node_3622	OM857198.1	12	12	0
node_3622	OM857163.1	3	3	0
node_3621	node_3623	0	0	0
node_3623	OM857208.1	7	7	0
node_3623	OM857149.1	179	177	2
node_3620	node_3624	0	0	0
node_3625	OM857147.1	3	3	0
node_3624	node_3626	0	0	0
node_3624	node_3625	0	0	0
node_3625	OM857178.1	162	162	0
node_3502	node_3627	5	5	0
node_3626	OM857179.1	684	684	0
node_3626	OM857141.1	4	4	0
node_3628	node_3629	2	2	0
node_3627	node_3628	290	290	0
node_3629	node_3630	3795	3795	0
node_3631	node_3632	3	3	0
node_3630	node_3631	1	1	0
node_3632	OM857146.1	1	1	0
node_3632	node_3633	0	0	0
node_3633	OM857148.1	0	0	0
node_3633	OM857143.1	8	8	0
node_3631	node_3634	0	0	0
node_3635	OM857145.1	6	6	0
node_3634	node_3635	2	2	0
node_3635	OM857161.1	8	6	2
node_3634	node_3636	0	0	0
node_3636	OM857207.1	4	4	0
node_3636	OM857202.1	1149	1038	111
node_3630	node_3637	0	0	0
node_3637	node_3638	0	0	0
node_3638	node_3639	0	0	0
node_3639	OM857166.1	5	5	0
node_3639	OM857183.1	175	175	0
node_3638	node_3640	3	3	0
node_3640	OM857209.1	1509	1005	504
node_3637	node_3641	1	1	0
node_3640	OM857144.1	6	6	0
node_3641	node_3642	2	2	0
node_3642	OM857199.1	10	10	0
node_3642	OM857142.1	5	4	1
node_3641	node_3643	1	1	0
node_3643	OM857181.1	171	171	0
node_3643	OM857162.1	3798	3798	0
node_3629	node_3644	0	0	0
node_3644	node_3645	1	1	0
node_3646	node_3647	0	0	0
node_3645	node_3646	67	67	0
node_3647	OM857175.1	707	205	502
node_3647	OM857153.1	186	186	0
node_3646	node_3648	51	51	0
node_3648	OM857205.1	185	185	0
node_3648	OM857188.1	137	137	0
node_3649	node_3650	0	0	0
node_3645	node_3649	0	0	0
node_3650	OM857152.1	4	4	0
node_3650	OM857176.1	751	249	502
node_3649	node_3651	0	0	0
node_3651	OM857151.1	5	5	0
node_3651	OM857160.1	9	9	0
node_3644	node_3652	183	183	0
node_3652	node_3653	45	45	0
node_3653	node_3654	18	16	2
node_3654	OM857155.1	746	242	504
node_3655	OM857186.1	139	139	0
node_3654	OM857177.1	4	4	0
node_3653	node_3655	50	50	0
node_3655	OM857140.1	7	7	0
node_3656	node_3657	0	0	0
node_3652	node_3656	0	0	0
node_3657	OM857171.1	191	191	0
node_3657	OM857189.1	88	88	0
node_3656	node_3658	592	591	1
node_3658	OM857203.1	4198	3559	639
node_3658	OM857173.1	298	297	1
node_3628	node_3659	0	0	0
node_3659	node_3660	0	0	0
node_3660	node_3661	1	1	0
node_3661	node_3662	0	0	0
node_3662	OM857156.1	505	2	503
node_3663	OM857190.1	520	520	0
node_3663	OM857187.1	548	523	25
node_3662	node_3663	384	384	0
node_3661	node_3664	0	0	0
node_3664	node_3665	0	0	0
node_3664	node_3666	0	0	0
node_3665	OM857212.1	616	610	6
node_3665	OM857154.1	1	1	0
node_3666	OM857174.1	9	9	0
node_3666	OM857201.1	359	357	2
node_3660	node_3667	0	0	0
node_3667	node_3668	6	4	2
node_3668	node_3669	0	0	0
node_3669	OM857164.1	20	19	1
node_3669	OM857170.1	11	11	0
node_3668	node_3670	2	2	0
node_3670	OM857169.1	90	90	0
node_3670	OM857168.1	2	2	0
node_3667	node_3671	11	11	0
node_3671	node_3672	0	0	0
node_3672	OM857200.1	4	3	1
node_3672	OM857193.1	252	252	0
node_3671	node_3673	0	0	0
node_3673	OM857192.1	14	14	0
node_3673	OM857195.1	261	261	0
node_3659	node_3674	334	334	0
node_3674	node_3675	0	0	0
node_3675	node_3676	84	84	0
node_3676	node_3677	3	3	0
node_3677	OM857197.1	16	16	0
node_3677	OM857194.1	290	290	0
node_3676	node_3678	1	1	0
node_3679	node_3680	9	9	0
node_3680	MZ515687.1	0	0	0
node_3678	OM857196.1	14	14	0
node_3675	node_3679	7	7	0
node_3681	MZ516000.1	31	31	0
node_3678	OM857191.1	49	47	2
node_3680	MZ515784.1	0	0	0
node_3679	node_3681	0	0	0
node_3681	MZ515631.1	7	7	0
node_3674	node_3682	0	0	0
node_3682	node_3683	19	19	0
node_3683	node_3684	0	0	0
node_3685	MZ516004.1	890	890	0
node_3684	MZ515571.1	9	9	0
node_3684	MZ515911.1	4	4	0
node_3686	node_3687	0	0	0
node_3685	MZ515614.1	4	4	0
node_3683	node_3685	1	1	0
node_3682	node_3686	6	6	0
node_3687	MZ515645.1	14	14	0
node_3688	MZ516040.1	17	17	0
node_3687	MZ515907.1	1313	20	1293
node_3689	node_3690	1	1	0
node_3688	MZ516002.1	29	29	0
node_3690	node_3691	0	0	0
node_3691	node_3692	28	26	2
node_3693	MW160827.1	108	108	0
node_3627	node_3689	66	66	0
node_3686	node_3688	0	0	0
node_3692	node_3693	0	0	0
node_3693	node_3694	26	26	0
node_3694	MZ515643.1	0	0	0
node_3696	LR699315.1	1	1	0
node_3692	node_3695	0	0	0
node_3697	MZ516130.1	358	82	276
node_3695	node_3697	83	83	0
node_3696	MZ515680.1	26	26	0
node_3694	MZ515803.1	0	0	0
node_3695	node_3696	0	0	0
node_3691	node_3698	149	43	106
node_3697	MZ515915.1	476	321	155
node_3699	node_3700	51	49	2
node_3698	node_3699	0	0	0
node_3700	MZ515811.1	21	21	0
node_3700	MZ515623.1	47	22	25
node_3703	MZ516120.1	3	3	0
node_3699	node_3701	3	3	0
node_3698	node_3702	93	5	88
node_3702	node_3703	170	0	170
node_3701	MZ515987.1	4	4	0
node_3703	MZ515896.1	844	586	258
node_3702	node_3704	62	0	62
node_3690	node_3705	0	0	0
node_3704	MZ515688.1	4	4	0
node_3706	node_3707	0	0	0
node_3705	node_3706	45	43	2
node_3707	node_3708	0	0	0
node_3701	MZ516142.1	2169	1685	484
node_3704	MZ515885.1	3356	2547	809
node_3708	MZ515878.1	170	170	0
node_3708	MZ516047.1	2	2	0
node_3709	MZ515773.1	28	28	0
node_3707	node_3709	0	0	0
node_3710	node_3711	2	2	0
node_3706	node_3710	0	0	0
node_3711	MZ516066.1	0	0	0
node_3712	MZ515570.1	0	0	0
node_3709	MZ515758.1	5	5	0
node_3712	MZ515880.1	85	83	2
node_3710	node_3712	3	3	0
node_3705	node_3713	41	41	0
node_3711	MZ515737.1	22	22	0
node_3714	node_3716	0	0	0
node_3714	node_3715	0	0	0
node_3715	MZ515992.1	0	0	0
node_3713	node_3714	0	0	0
node_3716	MZ516093.1	1	1	0
node_3716	MZ515908.1	2	2	0
node_3715	MZ515951.1	7	7	0
node_3713	node_3717	0	0	0
node_3717	node_3718	0	0	0
node_3718	MZ515602.1	2168	2069	99
node_3717	node_3719	0	0	0
node_3718	MZ515755.1	2	2	0
node_3719	MZ515652.1	1	1	0
node_3719	MZ515685.1	442	4	438
node_3689	node_3720	4	4	0
node_3721	node_3722	3	3	0
node_3722	node_3723	22	22	0
node_3723	node_3724	2	2	0
node_3724	MZ515989.1	0	0	0
node_3720	node_3721	12	12	0
node_3724	MZ516074.1	0	0	0
node_3725	MZ515848.1	2	2	0
node_3727	MZ515986.1	0	0	0
node_3723	node_3725	0	0	0
node_3725	MN306031.1	144	140	4
node_3722	node_3726	1	1	0
node_3726	node_3727	27	27	0
node_3726	node_3728	47	47	0
node_3727	MZ516029.1	504	0	504
node_3728	MZ515583.1	1	1	0
node_3721	node_3729	1	1	0
node_3728	MZ515860.1	0	0	0
node_3729	node_3730	45	45	0
node_3730	node_3731	0	0	0
node_3731	MZ516011.1	1	1	0
node_3730	node_3732	0	0	0
node_3732	MZ151855.1	402	402	0
node_3731	MZ515940.1	0	0	0
node_3729	node_3733	1	1	0
node_3734	MZ151854.1	365	365	0
node_3732	MZ515640.1	0	0	0
node_3733	node_3735	58	57	1
node_3733	node_3734	1	1	0
node_3720	node_3736	587	43	544
node_3734	MZ515706.1	50	48	2
node_3735	MZ515966.1	14	14	0
node_3735	MZ515768.1	176	176	0
node_3736	node_3737	0	0	0
node_3737	node_3738	1	1	0
node_3738	node_3739	0	0	0
node_3739	MZ515689.1	8	8	0
node_3739	MZ516070.1	467	464	3
node_3738	node_3740	1	1	0
node_3740	MZ515929.1	3	3	0
node_3741	node_3743	0	0	0
node_3740	MZ515969.1	512	6	506
node_3737	node_3741	19	3	16
node_3741	node_3742	0	0	0
node_3736	node_3744	4	4	0
node_3743	MZ515618.1	1252	747	505
node_3742	MZ515958.1	539	535	4
node_3742	MZ515933.1	507	3	504
node_3743	MZ515847.1	3	3	0
node_3746	MZ515772.1	6	6	0
node_3744	node_3745	1	1	0
node_3745	node_3746	2	2	0
node_3746	MN306054.1	163	162	1
node_3745	node_3747	0	0	0
node_3747	MN306030.1	166	166	0
node_3747	MZ515579.1	31	31	0
node_3744	node_3748	30	30	0
node_3748	node_3749	0	0	0
node_3749	MZ516075.1	3	3	0
node_3749	MZ516117.1	14	14	0
node_3754	node_3755	190	0	190
node_3755	node_3756	41	41	0
node_3753	node_3754	2	2	0
node_3750	MZ515984.1	4	4	0
node_3748	node_3750	0	0	0
node_3750	MZ515686.1	403	403	0
node_3501	node_3751	157	6	151
node_3752	node_3753	461	296	165
node_3756	node_3757	3	3	0
node_3757	node_3758	0	0	0
node_3751	node_3752	0	0	0
node_3758	MZ515585.1	504	1	503
node_3757	MZ515873.1	1	1	0
node_3758	MZ516007.1	5	5	0
node_3756	node_3759	0	0	0
node_3759	node_3760	1	1	0
node_3760	MZ516031.1	0	0	0
node_3760	MZ516071.1	0	0	0
node_3759	node_3761	0	0	0
node_3761	MZ515943.1	1	1	0
node_3761	KY967362.1	254	251	3
node_3755	node_3762	6	6	0
node_3762	node_3763	111	110	1
node_3765	MZ515576.1	217	217	0
node_3763	node_3764	77	77	0
node_3764	MZ515777.1	3	3	0
node_3764	MZ516069.1	445	445	0
node_3763	node_3765	347	212	135
node_3762	node_3766	106	106	0
node_3766	node_3767	505	1	504
node_3765	MZ515750.1	447	447	0
node_3767	MZ515963.1	141	140	1
node_3767	MZ515881.1	3180	3090	90
node_3766	node_3768	183	183	0
node_3768	MZ515788.1	1558	1437	121
node_3768	MZ515912.1	1843	1645	198
node_3754	node_3769	66	0	66
node_3769	node_3770	10	10	0
node_3770	node_3771	4	4	0
node_3771	node_3772	18	18	0
node_3771	node_3773	43	43	0
node_3772	MZ516033.1	47	47	0
node_3772	MZ516127.1	1925	1921	4
node_3773	MZ516014.1	0	0	0
node_3774	node_3775	322	322	0
node_3770	node_3774	3	3	0
node_3773	MZ515961.1	512	4	508
node_3775	MZ516106.1	867	366	501
node_3774	node_3776	1	1	0
node_3775	MZ515879.1	784	783	1
node_3776	MZ516068.1	53	53	0
node_3776	MW160824.1	575	72	503
node_3777	node_3778	17	14	3
node_3769	node_3777	2	2	0
node_3778	node_3779	51	49	2
node_3779	MZ515874.1	1756	1712	44
node_3779	MW160809.1	54	54	0
node_3778	node_3780	38	38	0
node_3780	MZ516009.1	1497	1042	455
node_3780	LR699736.1	15	15	0
node_3777	node_3781	60	60	0
node_3782	MZ515700.1	0	0	0
node_3782	MZ516090.1	117	117	0
node_3781	node_3782	0	0	0
node_3781	node_3783	0	0	0
node_3783	MZ515568.1	0	0	0
node_3783	MZ515931.1	5	5	0
node_3753	node_3784	0	0	0
node_3785	node_3786	32	32	0
node_3784	node_3785	19	19	0
node_3786	node_3787	703	201	502
node_3788	MZ515744.1	196	196	0
node_3787	node_3788	1	1	0
node_3788	MZ515734.1	289	284	5
node_3787	MZ515960.1	1568	1179	389
node_3786	node_3789	3	3	0
node_3789	node_3790	0	0	0
node_3790	MZ515971.1	510	6	504
node_3790	MZ515957.1	39	39	0
node_3789	node_3791	0	0	0
node_3791	MZ515790.1	4	4	0
node_3792	node_3793	1	1	0
node_3791	MZ515649.1	13	8	5
node_3785	node_3792	1	1	0
node_3794	MZ515628.1	4	4	0
node_3793	node_3794	38	38	0
node_3794	MZ516024.1	506	2	504
node_3793	node_3795	7	7	0
node_3795	MZ515789.1	3	3	0
node_3795	MZ516058.1	5	5	0
node_3792	node_3796	525	21	504
node_3797	MW160820.1	726	219	507
node_3796	node_3797	22	22	0
node_3797	MZ515945.1	24	24	0
node_3796	node_3798	43	43	0
node_3798	MZ515948.1	0	0	0
node_3784	node_3799	134	134	0
node_3798	MZ516008.1	3	3	0
node_3799	node_3800	0	0	0
node_3800	node_3801	131	130	1
node_3801	node_3802	50	50	0
node_3802	MZ515577.1	350	214	136
node_3801	node_3803	1	1	0
node_3802	MZ515573.1	521	18	503
node_3803	MZ515582.1	454	454	0
node_3804	node_3805	1	1	0
node_3804	node_3806	0	0	0
node_3803	KY967363.1	164	161	3
node_3800	node_3804	6	6	0
node_3805	OM857255.1	506	3	503
node_3805	OM857360.1	28	28	0
node_3806	OM857267.1	552	48	504
node_3806	OM857264.1	6	6	0
node_3807	node_3808	3	3	0
node_3799	node_3807	2	2	0
node_3809	OM857347.1	4	4	0
node_3809	OM857363.1	45	45	0
node_3808	node_3809	0	0	0
node_3808	node_3810	0	0	0
node_3810	OM857342.1	11	11	0
node_3807	node_3811	3	3	0
node_3811	node_3812	0	0	0
node_3810	OM857343.1	6	6	0
node_3812	OM857355.1	9	10	-1
node_3812	OM857262.1	8	8	0
node_3813	OM857263.1	10	10	0
node_3811	node_3813	2	2	0
node_3814	node_3815	18	0	18
node_3752	node_3814	78	78	0
node_3813	OM857359.1	15	15	0
node_3817	node_3818	0	0	0
node_3816	node_3817	0	0	0
node_3815	node_3816	2	2	0
node_3818	OM857334.1	261	261	0
node_3818	node_3819	0	0	0
node_3817	node_3820	4	4	0
node_3819	OM857228.1	8	8	0
node_3819	OM857324.1	9	9	0
node_3820	node_3821	0	0	0
node_3821	OM857312.1	1	1	0
node_3821	OM857310.1	0	0	0
node_3820	node_3822	0	0	0
node_3822	OM857311.1	506	2	504
node_3816	node_3823	0	0	0
node_3822	OM857309.1	0	0	0
node_3823	node_3824	1	1	0
node_3825	OM857345.1	247	247	0
node_3824	node_3825	0	0	0
node_3825	OM857362.1	14	14	0
node_3824	node_3826	1	1	0
node_3826	OM857281.1	11	11	0
node_3826	OM857344.1	244	244	0
node_3823	node_3827	8	8	0
node_3827	node_3828	0	0	0
node_3828	OM857272.1	3	3	0
node_3828	OM857279.1	2	2	0
node_3827	node_3829	0	0	0
node_3829	OM857288.1	6	6	0
node_3829	OM857286.1	4	4	0
node_3815	node_3830	6	6	0
node_3830	node_3831	0	0	0
node_3831	node_3832	504	0	504
node_3832	node_3833	1	1	0
node_3833	OM857285.1	3	3	0
node_3833	OM857284.1	1	1	0
node_3834	OM857278.1	506	2	504
node_3834	OM857282.1	3	3	0
node_3832	node_3834	1	1	0
node_3835	node_3836	0	0	0
node_3831	node_3835	239	239	0
node_3837	OM857290.1	55	53	2
node_3836	OM857350.1	5	5	0
node_3835	node_3837	0	0	0
node_3836	OM857276.1	241	241	0
node_3837	OM857353.1	5	5	0
node_3838	node_3839	0	0	0
node_3830	node_3838	3802	3802	0
node_3840	OM857351.1	242	242	0
node_3839	node_3840	3802	3802	0
node_3840	OM857289.1	4	4	0
node_3839	node_3841	0	0	0
node_3841	OM857287.1	2	2	0
node_3841	OM857349.1	569	65	504
node_3838	node_3842	5	5	0
node_3842	node_3843	0	0	0
node_3843	OM857269.1	14	14	0
node_3843	OM857266.1	6	6	0
node_3844	OM857328.1	13	13	0
node_3842	node_3844	1	1	0
node_3844	OM857348.1	6	6	0
node_3846	node_3847	0	0	0
node_3814	node_3845	0	0	0
node_3845	node_3846	6	6	0
node_3847	node_3848	1	1	0
node_3848	node_3849	0	0	0
node_3849	OM857352.1	250	250	0
node_3849	OM857277.1	2	2	0
node_3848	node_3850	0	0	0
node_3850	OM857271.1	2	2	0
node_3847	node_3851	0	0	0
node_3850	OM857273.1	2	2	0
node_3851	node_3852	0	0	0
node_3852	OM857280.1	505	1	504
node_3851	node_3853	0	0	0
node_3852	OM857274.1	1	1	0
node_3853	OM857270.1	3	3	0
node_3846	node_3854	0	0	0
node_3853	OM857283.1	2	2	0
node_3854	node_3855	0	0	0
node_3855	node_3856	50	50	0
node_3856	OM857268.1	3840	3840	0
node_3856	OM857354.1	201	201	0
node_3855	node_3857	0	0	0
node_3857	OM857275.1	3	3	0
node_3858	node_3859	0	0	0
node_3859	OM857325.1	6	6	0
node_3854	node_3858	10	10	0
node_3859	OM857303.1	2	2	0
node_3857	OM857302.1	11	11	0
node_3858	node_3860	0	0	0
node_3860	OM857305.1	0	0	0
node_3860	OM857327.1	6	6	0
node_3845	node_3861	6	6	0
node_3861	node_3862	0	0	0
node_3862	node_3863	0	0	0
node_3863	node_3864	0	0	0
node_3864	OM857326.1	4	4	0
node_3864	OM857304.1	2	2	0
node_3863	node_3865	0	0	0
node_3865	OM857338.1	243	243	0
node_3862	node_3866	0	0	0
node_3865	OM857300.1	4	4	0
node_3866	node_3867	4	4	0
node_3867	OM857299.1	0	0	0
node_3867	OM857315.1	2	2	0
node_3866	node_3868	243	243	0
node_3868	OM857339.1	3	3	0
node_3861	node_3869	241	241	0
node_3868	OM857332.1	31	29	2
node_3869	node_3870	0	0	0
node_3870	node_3871	0	0	0
node_3871	OM857331.1	55	53	2
node_3871	OM857337.1	2	2	0
node_3870	node_3872	0	0	0
node_3872	OM857340.1	4	4	0
node_3873	node_3874	3	3	0
node_3872	OM857336.1	0	0	0
node_3869	node_3873	0	0	0
node_3874	OM857341.1	3	3	0
node_3875	OM857335.1	506	4	502
node_3875	OM857241.1	251	251	0
node_3874	OM857330.1	51	49	2
node_3751	node_3876	0	0	0
node_3873	node_3875	2	2	0
node_3877	node_3878	0	0	0
node_3878	node_3879	1	1	0
node_3876	node_3877	81	81	0
node_3879	node_3880	4	4	0
node_3880	node_3881	0	0	0
node_3881	node_3882	1	1	0
node_3881	OM857229.1	9	9	0
node_3882	OM857225.1	2	2	0
node_3882	OM857217.1	0	0	0
node_3880	node_3883	0	0	0
node_3883	node_3884	1	1	0
node_3884	OM857226.1	3	3	0
node_3884	OM857216.1	504	0	504
node_3883	node_3885	0	0	0
node_3885	OM857218.1	0	0	0
node_3879	node_3886	1	1	0
node_3885	OM857227.1	7	7	0
node_3886	node_3887	0	0	0
node_3888	OM857244.1	509	3	506
node_3889	OM857246.1	0	0	0
node_3887	node_3888	0	0	0
node_3887	node_3889	4	4	0
node_3888	OM857223.1	3	3	0
node_3889	OM857245.1	0	0	0
node_3891	OM857247.1	0	0	0
node_3886	node_3890	0	0	0
node_3890	node_3891	4	4	0
node_3891	OM857248.1	2	2	0
node_3892	OM857313.1	0	0	0
node_3890	node_3892	10	10	0
node_3892	OM857314.1	0	0	0
node_3878	node_3893	0	0	0
node_3894	node_3895	6	6	0
node_3893	node_3894	0	0	0
node_3895	node_3896	0	0	0
node_3896	OM857319.1	5	5	0
node_3896	OM857317.1	2	2	0
node_3895	node_3897	0	0	0
node_3897	OM857321.1	6	6	0
node_3894	node_3898	0	0	0
node_3898	node_3899	0	0	0
node_3899	OM857320.1	11	11	0
node_3897	OM857318.1	509	5	504
node_3899	OM857222.1	4	4	0
node_3898	node_3900	1	1	0
node_3900	OM857214.1	507	4	503
node_3900	OM857231.1	3	3	0
node_3893	node_3901	0	0	0
node_3901	node_3902	0	0	0
node_3902	node_3903	1	1	0
node_3903	OM857230.1	3	3	0
node_3903	OM857242.1	4	4	0
node_3902	node_3904	0	0	0
node_3904	OM857249.1	7	7	0
node_3904	OM857296.1	9	9	0
node_3901	node_3905	7	7	0
node_3905	node_3906	0	0	0
node_3906	OM857295.1	7	4	3
node_3905	node_3907	0	0	0
node_3906	OM857298.1	2	2	0
node_3907	OM857297.1	2	2	0
node_3911	OM857238.1	1	1	0
node_3907	OM857333.1	250	250	0
node_3877	node_3908	0	0	0
node_3908	node_3909	1	1	0
node_3909	node_3910	1	1	0
node_3910	node_3911	4041	3537	504
node_3911	node_3912	228	228	0
node_3912	OM857357.1	3	3	0
node_3912	OM857364.1	704	201	503
node_3910	node_3913	1	1	0
node_3913	node_3914	2	2	0
node_3914	OM857219.1	0	0	0
node_3914	OM857215.1	1	1	0
node_3913	node_3915	0	0	0
node_3915	OM857213.1	510	6	504
node_3915	OM857237.1	4	4	0
node_3916	node_3917	0	0	0
node_3909	node_3916	0	0	0
node_3917	node_3918	0	0	0
node_3918	OM857301.1	8	8	0
node_3918	OM857220.1	3	3	0
node_3917	node_3919	504	0	504
node_3919	OM857221.1	3	3	0
node_3920	node_3921	0	0	0
node_3919	OM857240.1	6	6	0
node_3916	node_3920	0	0	0
node_3920	node_3922	0	0	0
node_3921	OM857235.1	4	4	0
node_3921	OM857243.1	510	6	504
node_3922	OM857250.1	10	7	3
node_3923	node_3924	1	1	0
node_3922	OM857234.1	4	4	0
node_3924	node_3925	0	0	0
node_3908	node_3923	3	3	0
node_3925	node_3926	4	4	0
node_3926	OM857233.1	4	4	0
node_3926	OM857224.1	8	8	0
node_3927	OM857323.1	7	7	0
node_3925	node_3927	0	0	0
node_3927	OM857306.1	2	2	0
node_3929	OM857232.1	8	8	0
node_3924	node_3928	0	0	0
node_3929	OM857307.1	505	1	504
node_3928	node_3929	0	0	0
node_3928	node_3930	0	0	0
node_3930	OM857294.1	9	6	3
node_3930	OM857322.1	9	9	0
node_3923	node_3931	0	0	0
node_3932	node_3933	2	2	0
node_3931	node_3932	0	0	0
node_3932	node_3934	6	6	0
node_3933	OM857308.1	2	2	0
node_3934	OM857291.1	10	6	4
node_3933	OM857346.1	748	247	501
node_3934	OM857292.1	2	2	0
node_3931	node_3935	241	241	0
node_3936	OM857356.1	517	13	504
node_3936	OM857293.1	251	251	0
node_3935	node_3936	0	0	0
node_3935	node_3937	9	9	0
node_3938	node_3939	1	1	0
node_3876	node_3938	256	251	5
node_3937	OM857258.1	6	6	0
node_3937	OM857256.1	0	0	0
node_3941	node_3942	3	3	0
node_3939	node_3940	338	333	5
node_3940	node_3941	4	4	0
node_3942	OM857257.1	240	240	0
node_3943	OM857254.1	0	0	0
node_3942	node_3943	0	0	0
node_3943	OM857252.1	4	4	0
node_3944	node_3945	0	0	0
node_3941	node_3944	0	0	0
node_3945	OM857251.1	1	1	0
node_3945	OM857265.1	6	6	0
node_3944	node_3946	0	0	0
node_3946	OM857259.1	8	8	0
node_3947	node_3948	0	0	0
node_3940	node_3947	0	0	0
node_3946	OM857253.1	3	3	0
node_3948	node_3949	3	3	0
node_3949	OM857261.1	5	5	0
node_3948	node_3950	1	1	0
node_3949	OM857260.1	6	6	0
node_3947	node_3951	2	2	0
node_3950	OM857236.1	4	4	0
node_3951	node_3952	0	0	0
node_3950	OM857358.1	12	12	0
node_3952	OM857316.1	8	8	0
node_3952	OM857239.1	7	7	0
node_3951	node_3953	119	85	34
node_3953	OM857329.1	836	836	0
node_3939	node_3954	1	1	0
node_3953	MT506703.1	1044	692	352
node_3954	node_3955	44	44	0
node_3955	node_3956	0	0	0
node_3956	node_3957	15	15	0
node_3957	OK649682.1	19	19	0
node_3957	MZ515597.1	144	138	6
node_3956	node_3958	0	0	0
node_3958	KU950627.1	32	32	0
node_3958	KM042390.1	79	77	2
node_3955	node_3959	2	2	0
node_3959	node_3960	30	30	0
node_3960	KU950596.1	7	3	4
node_3959	node_3961	0	0	0
node_3961	KU950492.1	29	29	0
node_3960	KU839637.1	57	55	2
node_3961	KY982517.1	31	30	1
node_3954	node_3962	13	11	2
node_3962	node_3963	0	0	0
node_3963	node_3964	0	0	0
node_3964	KJ672440.1	14	14	0
node_3964	KU950673.1	74	71	3
node_3963	node_3965	0	0	0
node_3962	node_3966	24	24	0
node_3965	KJ672433.1	33	32	1
node_3966	node_3967	0	0	0
node_3965	KM042386.1	33	33	0
node_3967	KU950480.1	75	73	2
node_3966	node_3968	2	2	0
node_3967	KJ672480.1	26	26	0
node_3938	node_3969	54	6	48
node_3968	KU950485.1	61	59	2
node_3970	node_3971	6	6	0
node_3968	KM042383.1	0	0	0
node_3969	node_3970	20	20	0
node_3971	node_3972	0	0	0
node_3972	node_3973	1	1	0
node_3973	KJ672452.1	2	2	0
node_3973	KU950572.1	882	56	826
node_3972	node_3974	1	1	0
node_3974	KJ672461.1	0	0	0
node_3974	KJ672424.1	504	0	504
node_3971	node_3975	0	0	0
node_3975	node_3976	0	0	0
node_3975	node_3977	52	52	0
node_3976	KX894804.1	1228	0	1228
node_3976	KJ672466.1	0	0	0
node_3977	KU950680.1	1	1	0
node_3977	KU950511.1	11	11	0
node_3970	node_3978	53	53	0
node_3978	node_3979	0	0	0
node_3979	node_3980	59	59	0
node_3980	KJ672470.1	1228	0	1228
node_3980	KJ672451.1	0	0	0
node_3981	KU950660.1	0	0	0
node_3981	KU950509.1	8	8	0
node_3978	node_3982	3	3	0
node_3979	node_3981	0	0	0
node_3983	KU950674.1	11	5	6
node_3982	node_3983	0	0	0
node_3983	KU950474.1	351	7	344
node_3982	node_3984	0	0	0
node_3984	KJ672464.1	65	65	0
node_3984	KU950567.1	32	32	0
node_3969	node_3985	1	1	0
node_3985	node_3986	32	32	0
node_3986	node_3987	91	90	1
node_3987	node_3988	2	2	0
node_3988	KJ627735.1	364	33	331
node_3988	KJ627736.1	4	4	0
node_3987	node_3989	0	0	0
node_3989	KJ627737.1	49	49	0
node_3989	KU950524.1	137	135	2
node_3990	node_3991	91	91	0
node_3986	node_3990	15	15	0
node_3991	KU950513.1	252	252	0
node_3991	KJ627734.1	912	839	73
node_3990	node_3992	40	40	0
node_3992	MH447954.1	6	6	0
node_3992	MH447953.1	16	15	1
node_3994	node_3995	2	2	0
node_3993	node_3994	552	48	504
node_3994	node_3996	2	2	0
node_3985	node_3993	222	222	0
node_3996	MH760607.1	583	80	503
node_3995	MH760629.1	4	4	0
node_3993	node_3997	2	2	0
node_3995	MH760620.1	9	9	0
node_3996	MH760633.1	12	12	0
node_3997	node_3998	1	1	0
node_3998	MH760602.1	21	21	0
node_3998	MH760606.1	536	34	502
node_3997	node_3999	218	218	0
node_3999	KU950610.1	108	104	4
node_3999	KJ672475.1	29	29	0
