MK749884.1	1.00000000000000000000	A
A: 1.00000000000000000000
B: 0
